20120824060500.0,2.0,0.567632257938385,0.21510548889636993,0.21726222336292267,0.567632257938385
20120824060600.0,2.0,0.5649645924568176,0.2156420201063156,0.21939334273338318,0.5649645924568176
20120824060700.0,2.0,0.567632257938385,0.21510548889636993,0.21726222336292267,0.567632257938385
20120824060800.0,2.0,0.5649645924568176,0.2156420201063156,0.21939334273338318,0.5649645924568176
20120824060900.0,2.0,0.567632257938385,0.21510548889636993,0.21726222336292267,0.567632257938385
20120824061000.0,2.0,0.5649645924568176,0.2156420201063156,0.21939334273338318,0.5649645924568176
20120824061100.0,2.0,0.567632257938385,0.21510548889636993,0.21726222336292267,0.567632257938385
20120824061200.0,2.0,0.5649645924568176,0.2156420201063156,0.21939334273338318,0.5649645924568176
20120824061300.0,2.0,0.567632257938385,0.21510548889636993,0.21726222336292267,0.567632257938385
20120824061400.0,2.0,0.5649645924568176,0.2156420201063156,0.21939334273338318,0.5649645924568176
20120824061500.0,2.0,0.567632257938385,0.21510548889636993,0.21726222336292267,0.567632257938385
20120824061600.0,2.0,0.5649645924568176,0.2156420201063156,0.21939334273338318,0.5649645924568176
20120824061700.0,2.0,0.567632257938385,0.21510548889636993,0.21726222336292267,0.567632257938385
20120824061800.0,2.0,0.5649645924568176,0.2156420201063156,0.21939334273338318,0.5649645924568176
20120824061900.0,2.0,0.567632257938385,0.21510548889636993,0.21726222336292267,0.567632257938385
20120824062000.0,2.0,0.5649645924568176,0.2156420201063156,0.21939334273338318,0.5649645924568176
20120824062100.0,2.0,0.567632257938385,0.21510548889636993,0.21726222336292267,0.567632257938385
20120824062200.0,2.0,0.5649645924568176,0.2156420201063156,0.21939334273338318,0.5649645924568176
20120824062300.0,2.0,0.567632257938385,0.21510548889636993,0.21726222336292267,0.567632257938385
20120824062400.0,2.0,0.5649645924568176,0.2156420201063156,0.21939334273338318,0.5649645924568176
20120824062500.0,2.0,0.567632257938385,0.21510548889636993,0.21726222336292267,0.567632257938385
20120824062600.0,2.0,0.5649645924568176,0.2156420201063156,0.21939334273338318,0.5649645924568176
20120824062700.0,2.0,0.567632257938385,0.21510548889636993,0.21726222336292267,0.567632257938385
20120824062800.0,2.0,0.5649645924568176,0.2156420201063156,0.21939334273338318,0.5649645924568176
20120824062900.0,2.0,0.567632257938385,0.21510548889636993,0.21726222336292267,0.567632257938385
20120824063000.0,2.0,0.5649645924568176,0.2156420201063156,0.21939334273338318,0.5649645924568176
20120824063100.0,2.0,0.567632257938385,0.21510548889636993,0.21726222336292267,0.567632257938385
20120824063200.0,2.0,0.5649645924568176,0.2156420201063156,0.21939334273338318,0.5649645924568176
20120824063300.0,2.0,0.567632257938385,0.21510548889636993,0.21726222336292267,0.567632257938385
20120824063400.0,2.0,0.5649645924568176,0.2156420201063156,0.21939334273338318,0.5649645924568176
20120824063500.0,2.0,0.567632257938385,0.21510548889636993,0.21726222336292267,0.567632257938385
20120824063600.0,2.0,0.5649645924568176,0.2156420201063156,0.21939334273338318,0.5649645924568176
20120824063700.0,2.0,0.567632257938385,0.21510548889636993,0.21726222336292267,0.567632257938385
20120824063800.0,2.0,0.5649645924568176,0.2156420201063156,0.21939334273338318,0.5649645924568176
20120824063900.0,2.0,0.567632257938385,0.21510548889636993,0.21726222336292267,0.567632257938385
20120824064000.0,2.0,0.5649645924568176,0.2156420201063156,0.21939334273338318,0.5649645924568176
20120824064100.0,2.0,0.567632257938385,0.21510548889636993,0.21726222336292267,0.567632257938385
20120824064200.0,2.0,0.5649645924568176,0.2156420201063156,0.21939334273338318,0.5649645924568176
20120824064300.0,2.0,0.567632257938385,0.21510548889636993,0.21726222336292267,0.567632257938385
20120824064400.0,2.0,0.5649645924568176,0.2156420201063156,0.21939334273338318,0.5649645924568176
20120824064500.0,2.0,0.567632257938385,0.21510548889636993,0.21726222336292267,0.567632257938385
20120824064600.0,2.0,0.5649645924568176,0.2156420201063156,0.21939334273338318,0.5649645924568176
20120824064700.0,2.0,0.567632257938385,0.21510548889636993,0.21726222336292267,0.567632257938385
20120824064800.0,2.0,0.5649645924568176,0.2156420201063156,0.21939334273338318,0.5649645924568176
20120824064900.0,2.0,0.567632257938385,0.21510548889636993,0.21726222336292267,0.567632257938385
20120824065000.0,2.0,0.5649645924568176,0.2156420201063156,0.21939334273338318,0.5649645924568176
20120824065100.0,2.0,0.567632257938385,0.21510548889636993,0.21726222336292267,0.567632257938385
20120824065200.0,2.0,0.5649645924568176,0.2156420201063156,0.21939334273338318,0.5649645924568176
20120824065300.0,2.0,0.567632257938385,0.21510548889636993,0.21726222336292267,0.567632257938385
20120824065400.0,2.0,0.5649645924568176,0.2156420201063156,0.21939334273338318,0.5649645924568176
20120824065500.0,2.0,0.567632257938385,0.21510548889636993,0.21726222336292267,0.567632257938385
20120824065600.0,2.0,0.5649645924568176,0.2156420201063156,0.21939334273338318,0.5649645924568176
20120824065700.0,2.0,0.567632257938385,0.21510548889636993,0.21726222336292267,0.567632257938385
20120824065800.0,2.0,0.5649645924568176,0.2156420201063156,0.21939334273338318,0.5649645924568176
20120824065900.0,2.0,0.567632257938385,0.21510548889636993,0.21726222336292267,0.567632257938385
20120824070000.0,2.0,0.5649645924568176,0.2156420201063156,0.21939334273338318,0.5649645924568176
20120824070100.0,2.0,0.567632257938385,0.21510548889636993,0.21726222336292267,0.567632257938385
20120824070200.0,2.0,0.5649645924568176,0.2156420201063156,0.21939334273338318,0.5649645924568176
20120824070300.0,2.0,0.567632257938385,0.21510548889636993,0.21726222336292267,0.567632257938385
20120824070400.0,2.0,0.5649645924568176,0.2156420201063156,0.21939334273338318,0.5649645924568176
20120824070500.0,2.0,0.567632257938385,0.21510548889636993,0.21726222336292267,0.567632257938385
20120824070600.0,2.0,0.5649645924568176,0.2156420201063156,0.21939334273338318,0.5649645924568176
20120824070700.0,2.0,0.567632257938385,0.21510548889636993,0.21726222336292267,0.567632257938385
20120824070800.0,2.0,0.5649645924568176,0.2156420201063156,0.21939334273338318,0.5649645924568176
20120824070900.0,2.0,0.567632257938385,0.21510548889636993,0.21726222336292267,0.567632257938385
20120824071000.0,2.0,0.5649645924568176,0.2156420201063156,0.21939334273338318,0.5649645924568176
20120824071100.0,2.0,0.567632257938385,0.21510548889636993,0.21726222336292267,0.567632257938385
20120824071200.0,2.0,0.5649645924568176,0.2156420201063156,0.21939334273338318,0.5649645924568176
20120824071300.0,2.0,0.567632257938385,0.21510548889636993,0.21726222336292267,0.567632257938385
20120824071400.0,2.0,0.5649645924568176,0.2156420201063156,0.21939334273338318,0.5649645924568176
20120824071500.0,2.0,0.567632257938385,0.21510548889636993,0.21726222336292267,0.567632257938385
20120824071600.0,2.0,0.5649645924568176,0.2156420201063156,0.21939334273338318,0.5649645924568176
20120824071700.0,2.0,0.567632257938385,0.21510548889636993,0.21726222336292267,0.567632257938385
20120824071800.0,2.0,0.5649645924568176,0.2156420201063156,0.21939334273338318,0.5649645924568176
20120824071900.0,2.0,0.567632257938385,0.21510548889636993,0.21726222336292267,0.567632257938385
20120824072000.0,2.0,0.5649645924568176,0.2156420201063156,0.21939334273338318,0.5649645924568176
20120824072100.0,2.0,0.567632257938385,0.21510548889636993,0.21726222336292267,0.567632257938385
20120824072200.0,2.0,0.5649645924568176,0.2156420201063156,0.21939334273338318,0.5649645924568176
20120824072300.0,2.0,0.567632257938385,0.21510548889636993,0.21726222336292267,0.567632257938385
20120824072400.0,2.0,0.5649645924568176,0.2156420201063156,0.21939334273338318,0.5649645924568176
20120824072500.0,2.0,0.567632257938385,0.21510548889636993,0.21726222336292267,0.567632257938385
20120824072600.0,2.0,0.5649645924568176,0.2156420201063156,0.21939334273338318,0.5649645924568176
20120824072700.0,2.0,0.567632257938385,0.21510548889636993,0.21726222336292267,0.567632257938385
20120824072800.0,2.0,0.5649645924568176,0.2156420201063156,0.21939334273338318,0.5649645924568176
20120824072900.0,2.0,0.567632257938385,0.21510548889636993,0.21726222336292267,0.567632257938385
20120824073000.0,2.0,0.5649645924568176,0.2156420201063156,0.21939334273338318,0.5649645924568176
20120824073100.0,2.0,0.567632257938385,0.21510548889636993,0.21726222336292267,0.567632257938385
20120824073200.0,2.0,0.5649645924568176,0.2156420201063156,0.21939334273338318,0.5649645924568176
20120824073300.0,2.0,0.567632257938385,0.21510548889636993,0.21726222336292267,0.567632257938385
20120824073400.0,2.0,0.5649645924568176,0.2156420201063156,0.21939334273338318,0.5649645924568176
20120824073500.0,2.0,0.567632257938385,0.21510548889636993,0.21726222336292267,0.567632257938385
20120824073600.0,2.0,0.5649645924568176,0.2156420201063156,0.21939334273338318,0.5649645924568176
20120824073700.0,2.0,0.567632257938385,0.21510548889636993,0.21726222336292267,0.567632257938385
20120824073800.0,2.0,0.5649645924568176,0.2156420201063156,0.21939334273338318,0.5649645924568176
20120824073900.0,2.0,0.567632257938385,0.21510548889636993,0.21726222336292267,0.567632257938385
20120824074000.0,2.0,0.5649645924568176,0.2156420201063156,0.21939334273338318,0.5649645924568176
20120824074100.0,2.0,0.567632257938385,0.21510548889636993,0.21726222336292267,0.567632257938385
20120824074200.0,2.0,0.5649645924568176,0.2156420201063156,0.21939334273338318,0.5649645924568176
20120824074300.0,2.0,0.567632257938385,0.21510548889636993,0.21726222336292267,0.567632257938385
20120824074400.0,2.0,0.5649645924568176,0.2156420201063156,0.21939334273338318,0.5649645924568176
20120824074500.0,2.0,0.567632257938385,0.21510548889636993,0.21726222336292267,0.567632257938385
20120824074600.0,2.0,0.5649645924568176,0.2156420201063156,0.21939334273338318,0.5649645924568176
20120824074700.0,2.0,0.567632257938385,0.21510548889636993,0.21726222336292267,0.567632257938385
20120824074800.0,2.0,0.5649645924568176,0.2156420201063156,0.21939334273338318,0.5649645924568176
20120824074900.0,2.0,0.567632257938385,0.21510548889636993,0.21726222336292267,0.567632257938385
20120824075000.0,2.0,0.5649645924568176,0.2156420201063156,0.21939334273338318,0.5649645924568176
20120824075100.0,2.0,0.567632257938385,0.21510548889636993,0.21726222336292267,0.567632257938385
20120824075200.0,2.0,0.5649645924568176,0.2156420201063156,0.21939334273338318,0.5649645924568176
20120824075300.0,2.0,0.567632257938385,0.21510548889636993,0.21726222336292267,0.567632257938385
20120824075400.0,2.0,0.5649645924568176,0.2156420201063156,0.21939334273338318,0.5649645924568176
20120824075500.0,2.0,0.567632257938385,0.21510548889636993,0.21726222336292267,0.567632257938385
20120824075600.0,2.0,0.5649645924568176,0.2156420201063156,0.21939334273338318,0.5649645924568176
20120824075700.0,2.0,0.567632257938385,0.21510548889636993,0.21726222336292267,0.567632257938385
20120824075800.0,2.0,0.5649645924568176,0.2156420201063156,0.21939334273338318,0.5649645924568176
20120824075900.0,2.0,0.567632257938385,0.21510548889636993,0.21726222336292267,0.567632257938385
20120824080000.0,2.0,0.5649645924568176,0.2156420201063156,0.21939334273338318,0.5649645924568176
20120824080100.0,2.0,0.567632257938385,0.21510548889636993,0.21726222336292267,0.567632257938385
20120824080200.0,2.0,0.5649645924568176,0.2156420201063156,0.21939334273338318,0.5649645924568176
20120824080300.0,2.0,0.567632257938385,0.21510548889636993,0.21726222336292267,0.567632257938385
20120824080400.0,2.0,0.5649645924568176,0.2156420201063156,0.21939334273338318,0.5649645924568176
20120824080500.0,2.0,0.567632257938385,0.21510548889636993,0.21726222336292267,0.567632257938385
20120824080600.0,2.0,0.5649645924568176,0.2156420201063156,0.21939334273338318,0.5649645924568176
20120824080700.0,2.0,0.567632257938385,0.21510548889636993,0.21726222336292267,0.567632257938385
20120824080800.0,2.0,0.5649645924568176,0.2156420201063156,0.21939334273338318,0.5649645924568176
20120824080900.0,2.0,0.567632257938385,0.21510548889636993,0.21726222336292267,0.567632257938385
20120824081000.0,2.0,0.5649645924568176,0.2156420201063156,0.21939334273338318,0.5649645924568176
20120824081100.0,2.0,0.567632257938385,0.21510548889636993,0.21726222336292267,0.567632257938385
20120824081200.0,2.0,0.5649645924568176,0.2156420201063156,0.21939334273338318,0.5649645924568176
20120824081300.0,2.0,0.567632257938385,0.21510548889636993,0.21726222336292267,0.567632257938385
20120824081400.0,2.0,0.5649645924568176,0.2156420201063156,0.21939334273338318,0.5649645924568176
20120824081500.0,2.0,0.567632257938385,0.21510548889636993,0.21726222336292267,0.567632257938385
20120824081600.0,2.0,0.5649645924568176,0.2156420201063156,0.21939334273338318,0.5649645924568176
20120824081700.0,2.0,0.567632257938385,0.21510548889636993,0.21726222336292267,0.567632257938385
20120824081800.0,2.0,0.5649645924568176,0.2156420201063156,0.21939334273338318,0.5649645924568176
20120824081900.0,2.0,0.567632257938385,0.21510548889636993,0.21726222336292267,0.567632257938385
20120824082000.0,2.0,0.5649645924568176,0.2156420201063156,0.21939334273338318,0.5649645924568176
20120824082100.0,2.0,0.567632257938385,0.21510548889636993,0.21726222336292267,0.567632257938385
20120824082200.0,2.0,0.5649645924568176,0.2156420201063156,0.21939334273338318,0.5649645924568176
20120824082300.0,2.0,0.567632257938385,0.21510548889636993,0.21726222336292267,0.567632257938385
20120824082400.0,2.0,0.5649645924568176,0.2156420201063156,0.21939334273338318,0.5649645924568176
20120824082500.0,2.0,0.567632257938385,0.21510548889636993,0.21726222336292267,0.567632257938385
20120824082600.0,2.0,0.5649645924568176,0.2156420201063156,0.21939334273338318,0.5649645924568176
20120824082700.0,2.0,0.567632257938385,0.21510548889636993,0.21726222336292267,0.567632257938385
20120824082800.0,2.0,0.5649645924568176,0.2156420201063156,0.21939334273338318,0.5649645924568176
20120824082900.0,2.0,0.567632257938385,0.21510548889636993,0.21726222336292267,0.567632257938385
20120824083000.0,2.0,0.5649645924568176,0.2156420201063156,0.21939334273338318,0.5649645924568176
20120824083100.0,2.0,0.567632257938385,0.21510548889636993,0.21726222336292267,0.567632257938385
20120824083200.0,2.0,0.5649645924568176,0.2156420201063156,0.21939334273338318,0.5649645924568176
20120824083300.0,2.0,0.567632257938385,0.21510548889636993,0.21726222336292267,0.567632257938385
20120824083400.0,2.0,0.5649645924568176,0.2156420201063156,0.21939334273338318,0.5649645924568176
20120824083500.0,2.0,0.567632257938385,0.21510548889636993,0.21726222336292267,0.567632257938385
20120824083600.0,2.0,0.5649645924568176,0.2156420201063156,0.21939334273338318,0.5649645924568176
20120824083700.0,2.0,0.567632257938385,0.21510548889636993,0.21726222336292267,0.567632257938385
20120824083800.0,2.0,0.5649645924568176,0.2156420201063156,0.21939334273338318,0.5649645924568176
20120824083900.0,2.0,0.567632257938385,0.21510548889636993,0.21726222336292267,0.567632257938385
20120824084000.0,2.0,0.5649645924568176,0.2156420201063156,0.21939334273338318,0.5649645924568176
20120824084100.0,2.0,0.567632257938385,0.21510548889636993,0.21726222336292267,0.567632257938385
20120824084200.0,2.0,0.5649645924568176,0.2156420201063156,0.21939334273338318,0.5649645924568176
20120824084300.0,2.0,0.567632257938385,0.21510548889636993,0.21726222336292267,0.567632257938385
20120824084400.0,2.0,0.5649645924568176,0.2156420201063156,0.21939334273338318,0.5649645924568176
20120824084500.0,2.0,0.567632257938385,0.21510548889636993,0.21726222336292267,0.567632257938385
20120824084600.0,2.0,0.5649645924568176,0.2156420201063156,0.21939334273338318,0.5649645924568176
20120824084700.0,2.0,0.567632257938385,0.21510548889636993,0.21726222336292267,0.567632257938385
20120824084800.0,2.0,0.5649645924568176,0.2156420201063156,0.21939334273338318,0.5649645924568176
20120824084900.0,2.0,0.567632257938385,0.21510548889636993,0.21726222336292267,0.567632257938385
20120824085000.0,2.0,0.5649645924568176,0.2156420201063156,0.21939334273338318,0.5649645924568176
20120824085100.0,2.0,0.567632257938385,0.21510548889636993,0.21726222336292267,0.567632257938385
20120824085200.0,2.0,0.5649645924568176,0.2156420201063156,0.21939334273338318,0.5649645924568176
20120824085300.0,2.0,0.567632257938385,0.21510548889636993,0.21726222336292267,0.567632257938385
20120824085400.0,2.0,0.5649645924568176,0.2156420201063156,0.21939334273338318,0.5649645924568176
20120824085500.0,2.0,0.567632257938385,0.21510548889636993,0.21726222336292267,0.567632257938385
20120824085600.0,2.0,0.5649645924568176,0.2156420201063156,0.21939334273338318,0.5649645924568176
20120824085700.0,2.0,0.567632257938385,0.21510548889636993,0.21726222336292267,0.567632257938385
20120824085800.0,2.0,0.5649645924568176,0.2156420201063156,0.21939334273338318,0.5649645924568176
20120824085900.0,2.0,0.567632257938385,0.21510548889636993,0.21726222336292267,0.567632257938385
20120824090000.0,2.0,0.5649645924568176,0.2156420201063156,0.21939334273338318,0.5649645924568176
20120824090100.0,2.0,0.567632257938385,0.21510548889636993,0.21726222336292267,0.567632257938385
20120824090200.0,2.0,0.5649645924568176,0.2156420201063156,0.21939334273338318,0.5649645924568176
20120824090300.0,2.0,0.567632257938385,0.21510548889636993,0.21726222336292267,0.567632257938385
20120824090400.0,2.0,0.5649645924568176,0.2156420201063156,0.21939334273338318,0.5649645924568176
20120824090500.0,2.0,0.567632257938385,0.21510548889636993,0.21726222336292267,0.567632257938385
20120824090600.0,2.0,0.5649645924568176,0.2156420201063156,0.21939334273338318,0.5649645924568176
20120824090700.0,2.0,0.567632257938385,0.21510548889636993,0.21726222336292267,0.567632257938385
20120824090800.0,2.0,0.5649645924568176,0.2156420201063156,0.21939334273338318,0.5649645924568176
20120824090900.0,2.0,0.567632257938385,0.21510548889636993,0.21726222336292267,0.567632257938385
20120824091000.0,2.0,0.5649645924568176,0.2156420201063156,0.21939334273338318,0.5649645924568176
20120824091100.0,2.0,0.567632257938385,0.21510548889636993,0.21726222336292267,0.567632257938385
20120824091200.0,2.0,0.5649645924568176,0.2156420201063156,0.21939334273338318,0.5649645924568176
20120824091300.0,2.0,0.567632257938385,0.21510548889636993,0.21726222336292267,0.567632257938385
20120824091400.0,2.0,0.5649645924568176,0.2156420201063156,0.21939334273338318,0.5649645924568176
20120824091500.0,2.0,0.567632257938385,0.21510548889636993,0.21726222336292267,0.567632257938385
20120824091600.0,2.0,0.5649645924568176,0.2156420201063156,0.21939334273338318,0.5649645924568176
20120824091700.0,2.0,0.567632257938385,0.21510548889636993,0.21726222336292267,0.567632257938385
20120824091800.0,2.0,0.5649645924568176,0.2156420201063156,0.21939334273338318,0.5649645924568176
20120824091900.0,2.0,0.567632257938385,0.21510548889636993,0.21726222336292267,0.567632257938385
20120824092000.0,2.0,0.5649645924568176,0.2156420201063156,0.21939334273338318,0.5649645924568176
20120824092100.0,2.0,0.567632257938385,0.21510548889636993,0.21726222336292267,0.567632257938385
20120824092200.0,2.0,0.5649645924568176,0.2156420201063156,0.21939334273338318,0.5649645924568176
20120824092300.0,2.0,0.567632257938385,0.21510548889636993,0.21726222336292267,0.567632257938385
20120824092400.0,2.0,0.5649645924568176,0.2156420201063156,0.21939334273338318,0.5649645924568176
20120824092500.0,2.0,0.567632257938385,0.21510548889636993,0.21726222336292267,0.567632257938385
20120824092600.0,2.0,0.5649645924568176,0.2156420201063156,0.21939334273338318,0.5649645924568176
20120824092700.0,2.0,0.567632257938385,0.21510548889636993,0.21726222336292267,0.567632257938385
20120824092800.0,2.0,0.5649645924568176,0.2156420201063156,0.21939334273338318,0.5649645924568176
20120824092900.0,2.0,0.567632257938385,0.21510548889636993,0.21726222336292267,0.567632257938385
20120824093000.0,2.0,0.5649645924568176,0.2156420201063156,0.21939334273338318,0.5649645924568176
20120824093100.0,2.0,0.567632257938385,0.21510548889636993,0.21726222336292267,0.567632257938385
20120824093200.0,2.0,0.5649645924568176,0.2156420201063156,0.21939334273338318,0.5649645924568176
20120824093300.0,2.0,0.567632257938385,0.21510548889636993,0.21726222336292267,0.567632257938385
20120824093400.0,2.0,0.5649645924568176,0.2156420201063156,0.21939334273338318,0.5649645924568176
20120824093500.0,2.0,0.567632257938385,0.21510548889636993,0.21726222336292267,0.567632257938385
20120824093600.0,2.0,0.5649645924568176,0.2156420201063156,0.21939334273338318,0.5649645924568176
20120824093700.0,2.0,0.567632257938385,0.21510548889636993,0.21726222336292267,0.567632257938385
20120824093800.0,2.0,0.5649645924568176,0.2156420201063156,0.21939334273338318,0.5649645924568176
20120824093900.0,2.0,0.567632257938385,0.21510548889636993,0.21726222336292267,0.567632257938385
20120824094000.0,2.0,0.5649645924568176,0.2156420201063156,0.21939334273338318,0.5649645924568176
20120824094100.0,2.0,0.567632257938385,0.21510548889636993,0.21726222336292267,0.567632257938385
20120824094200.0,2.0,0.5649645924568176,0.2156420201063156,0.21939334273338318,0.5649645924568176
20120824094300.0,2.0,0.567632257938385,0.21510548889636993,0.21726222336292267,0.567632257938385
20120824094400.0,2.0,0.5649645924568176,0.2156420201063156,0.21939334273338318,0.5649645924568176
20120824094500.0,2.0,0.567632257938385,0.21510548889636993,0.21726222336292267,0.567632257938385
20120824094600.0,2.0,0.5649645924568176,0.2156420201063156,0.21939334273338318,0.5649645924568176
20120824094700.0,2.0,0.567632257938385,0.21510548889636993,0.21726222336292267,0.567632257938385
20120824094800.0,2.0,0.5649645924568176,0.2156420201063156,0.21939334273338318,0.5649645924568176
20120824094900.0,2.0,0.567632257938385,0.21510548889636993,0.21726222336292267,0.567632257938385
20120824095000.0,2.0,0.5649645924568176,0.2156420201063156,0.21939334273338318,0.5649645924568176
20120824095100.0,2.0,0.567632257938385,0.21510548889636993,0.21726222336292267,0.567632257938385
20120824095200.0,2.0,0.5649645924568176,0.2156420201063156,0.21939334273338318,0.5649645924568176
20120824095300.0,2.0,0.567632257938385,0.21510548889636993,0.21726222336292267,0.567632257938385
20120824095400.0,2.0,0.5649645924568176,0.2156420201063156,0.21939334273338318,0.5649645924568176
20120824095500.0,2.0,0.567632257938385,0.21510548889636993,0.21726222336292267,0.567632257938385
20120824095600.0,2.0,0.5649645924568176,0.2156420201063156,0.21939334273338318,0.5649645924568176
20120824095700.0,2.0,0.567632257938385,0.21510548889636993,0.21726222336292267,0.567632257938385
20120824095800.0,2.0,0.5649645924568176,0.2156420201063156,0.21939334273338318,0.5649645924568176
20120824095900.0,2.0,0.567632257938385,0.21510548889636993,0.21726222336292267,0.567632257938385
20120824100000.0,2.0,0.5649645924568176,0.2156420201063156,0.21939334273338318,0.5649645924568176
20120824100100.0,2.0,0.567632257938385,0.21510548889636993,0.21726222336292267,0.567632257938385
20120824100200.0,2.0,0.5649645924568176,0.2156420201063156,0.21939334273338318,0.5649645924568176
20120824100300.0,2.0,0.567632257938385,0.21510548889636993,0.21726222336292267,0.567632257938385
20120824100400.0,2.0,0.5649645924568176,0.2156420201063156,0.21939334273338318,0.5649645924568176
20120824100500.0,2.0,0.567632257938385,0.21510548889636993,0.21726222336292267,0.567632257938385
20120824100600.0,2.0,0.5649645924568176,0.2156420201063156,0.21939334273338318,0.5649645924568176
20120824100700.0,2.0,0.567632257938385,0.21510548889636993,0.21726222336292267,0.567632257938385
20120824100800.0,2.0,0.5649645924568176,0.2156420201063156,0.21939334273338318,0.5649645924568176
20120824100900.0,2.0,0.567632257938385,0.21510548889636993,0.21726222336292267,0.567632257938385
20120824101000.0,2.0,0.5649645924568176,0.2156420201063156,0.21939334273338318,0.5649645924568176
20120824101100.0,2.0,0.567632257938385,0.21510548889636993,0.21726222336292267,0.567632257938385
20120824101200.0,2.0,0.5649645924568176,0.2156420201063156,0.21939334273338318,0.5649645924568176
20120824101300.0,2.0,0.567632257938385,0.21510548889636993,0.21726222336292267,0.567632257938385
20120824101400.0,2.0,0.5649645924568176,0.2156420201063156,0.21939334273338318,0.5649645924568176
20120824101500.0,2.0,0.567632257938385,0.21510548889636993,0.21726222336292267,0.567632257938385
20120824101600.0,2.0,0.5649645924568176,0.2156420201063156,0.21939334273338318,0.5649645924568176
20120824101700.0,2.0,0.567632257938385,0.21510548889636993,0.21726222336292267,0.567632257938385
20120824101800.0,2.0,0.5649645924568176,0.2156420201063156,0.21939334273338318,0.5649645924568176
20120824101900.0,2.0,0.567632257938385,0.21510548889636993,0.21726222336292267,0.567632257938385
20120824102000.0,2.0,0.5649645924568176,0.2156420201063156,0.21939334273338318,0.5649645924568176
20120824102100.0,2.0,0.567632257938385,0.21510548889636993,0.21726222336292267,0.567632257938385
20120824102200.0,2.0,0.5649645924568176,0.2156420201063156,0.21939334273338318,0.5649645924568176
20120824102300.0,2.0,0.567632257938385,0.21510548889636993,0.21726222336292267,0.567632257938385
20120824102400.0,2.0,0.5649645924568176,0.2156420201063156,0.21939334273338318,0.5649645924568176
20120824102500.0,2.0,0.567632257938385,0.21510548889636993,0.21726222336292267,0.567632257938385
20120824102600.0,2.0,0.5649645924568176,0.2156420201063156,0.21939334273338318,0.5649645924568176
20120824102700.0,2.0,0.567632257938385,0.21510548889636993,0.21726222336292267,0.567632257938385
20120824102800.0,2.0,0.5649645924568176,0.2156420201063156,0.21939334273338318,0.5649645924568176
20120824102900.0,2.0,0.567632257938385,0.21510548889636993,0.21726222336292267,0.567632257938385
20120824103000.0,2.0,0.5649645924568176,0.2156420201063156,0.21939334273338318,0.5649645924568176
20120824103100.0,2.0,0.567632257938385,0.21510548889636993,0.21726222336292267,0.567632257938385
20120824103200.0,2.0,0.5649645924568176,0.2156420201063156,0.21939334273338318,0.5649645924568176
20120824103300.0,2.0,0.567632257938385,0.21510548889636993,0.21726222336292267,0.567632257938385
20120824103400.0,2.0,0.5649645924568176,0.2156420201063156,0.21939334273338318,0.5649645924568176
20120824103500.0,2.0,0.567632257938385,0.21510548889636993,0.21726222336292267,0.567632257938385
20120824103600.0,2.0,0.5649645924568176,0.2156420201063156,0.21939334273338318,0.5649645924568176
20120824103700.0,2.0,0.567632257938385,0.21510548889636993,0.21726222336292267,0.567632257938385
20120824103800.0,2.0,0.5649645924568176,0.2156420201063156,0.21939334273338318,0.5649645924568176
20120824103900.0,2.0,0.567632257938385,0.21510548889636993,0.21726222336292267,0.567632257938385
20120824104000.0,2.0,0.5649645924568176,0.2156420201063156,0.21939334273338318,0.5649645924568176
20120824104100.0,2.0,0.567632257938385,0.21510548889636993,0.21726222336292267,0.567632257938385
20120824104200.0,2.0,0.5649645924568176,0.2156420201063156,0.21939334273338318,0.5649645924568176
20120824104300.0,2.0,0.567632257938385,0.21510548889636993,0.21726222336292267,0.567632257938385
20120824104400.0,2.0,0.5649645924568176,0.2156420201063156,0.21939334273338318,0.5649645924568176
20120824104500.0,2.0,0.567632257938385,0.21510548889636993,0.21726222336292267,0.567632257938385
20120824104600.0,2.0,0.5649645924568176,0.2156420201063156,0.21939334273338318,0.5649645924568176
20120824104700.0,2.0,0.567632257938385,0.21510548889636993,0.21726222336292267,0.567632257938385
20120824104800.0,2.0,0.5649645924568176,0.2156420201063156,0.21939334273338318,0.5649645924568176
20120824104900.0,2.0,0.567632257938385,0.21510548889636993,0.21726222336292267,0.567632257938385
20120824105000.0,2.0,0.5649645924568176,0.2156420201063156,0.21939334273338318,0.5649645924568176
20120824105100.0,2.0,0.567632257938385,0.21510548889636993,0.21726222336292267,0.567632257938385
20120824105200.0,2.0,0.5649645924568176,0.2156420201063156,0.21939334273338318,0.5649645924568176
20120824105300.0,2.0,0.567632257938385,0.21510548889636993,0.21726222336292267,0.567632257938385
20120824105400.0,2.0,0.5649645924568176,0.2156420201063156,0.21939334273338318,0.5649645924568176
20120824105500.0,2.0,0.567632257938385,0.21510548889636993,0.21726222336292267,0.567632257938385
20120824105600.0,2.0,0.5649645924568176,0.2156420201063156,0.21939334273338318,0.5649645924568176
20120824105700.0,2.0,0.567632257938385,0.21510548889636993,0.21726222336292267,0.567632257938385
20120824105800.0,2.0,0.5649645924568176,0.2156420201063156,0.21939334273338318,0.5649645924568176
20120824105900.0,2.0,0.567632257938385,0.21510548889636993,0.21726222336292267,0.567632257938385
20120824110000.0,2.0,0.5649645924568176,0.2156420201063156,0.21939334273338318,0.5649645924568176
20120824110100.0,2.0,0.567632257938385,0.21510548889636993,0.21726222336292267,0.567632257938385
20120824110200.0,2.0,0.5649645924568176,0.2156420201063156,0.21939334273338318,0.5649645924568176
20120824110300.0,2.0,0.567632257938385,0.21510548889636993,0.21726222336292267,0.567632257938385
20120824110400.0,2.0,0.5649645924568176,0.2156420201063156,0.21939334273338318,0.5649645924568176
20120824110500.0,2.0,0.567632257938385,0.21510548889636993,0.21726222336292267,0.567632257938385
20120824110600.0,2.0,0.5649645924568176,0.2156420201063156,0.21939334273338318,0.5649645924568176
20120824110700.0,2.0,0.567632257938385,0.21510548889636993,0.21726222336292267,0.567632257938385
20120824110800.0,2.0,0.5649645924568176,0.2156420201063156,0.21939334273338318,0.5649645924568176
20120824110900.0,2.0,0.567632257938385,0.21510548889636993,0.21726222336292267,0.567632257938385
20120824111000.0,2.0,0.5649645924568176,0.2156420201063156,0.21939334273338318,0.5649645924568176
20120824111100.0,2.0,0.567632257938385,0.21510548889636993,0.21726222336292267,0.567632257938385
20120824111200.0,2.0,0.5649645924568176,0.2156420201063156,0.21939334273338318,0.5649645924568176
20120824111300.0,2.0,0.567632257938385,0.21510548889636993,0.21726222336292267,0.567632257938385
20120824111400.0,2.0,0.5649645924568176,0.2156420201063156,0.21939334273338318,0.5649645924568176
20120824111500.0,2.0,0.567632257938385,0.21510548889636993,0.21726222336292267,0.567632257938385
20120824111600.0,2.0,0.5649645924568176,0.2156420201063156,0.21939334273338318,0.5649645924568176
20120824111700.0,2.0,0.567632257938385,0.21510548889636993,0.21726222336292267,0.567632257938385
20120824111800.0,2.0,0.5649645924568176,0.2156420201063156,0.21939334273338318,0.5649645924568176
20120824111900.0,2.0,0.567632257938385,0.21510548889636993,0.21726222336292267,0.567632257938385
20120824112000.0,2.0,0.5649645924568176,0.2156420201063156,0.21939334273338318,0.5649645924568176
20120824112100.0,2.0,0.567632257938385,0.21510548889636993,0.21726222336292267,0.567632257938385
20120824112200.0,2.0,0.5649645924568176,0.2156420201063156,0.21939334273338318,0.5649645924568176
20120824112300.0,2.0,0.567632257938385,0.21510548889636993,0.21726222336292267,0.567632257938385
20120824112400.0,2.0,0.5649645924568176,0.2156420201063156,0.21939334273338318,0.5649645924568176
20120824112500.0,2.0,0.567632257938385,0.21510548889636993,0.21726222336292267,0.567632257938385
20120824112600.0,2.0,0.5649645924568176,0.2156420201063156,0.21939334273338318,0.5649645924568176
20120824112700.0,2.0,0.567632257938385,0.21510548889636993,0.21726222336292267,0.567632257938385
20120824112800.0,2.0,0.5649645924568176,0.2156420201063156,0.21939334273338318,0.5649645924568176
20120824112900.0,2.0,0.567632257938385,0.21510548889636993,0.21726222336292267,0.567632257938385
20120824113000.0,2.0,0.5649645924568176,0.2156420201063156,0.21939334273338318,0.5649645924568176
20120824113100.0,2.0,0.567632257938385,0.21510548889636993,0.21726222336292267,0.567632257938385
20120824113200.0,2.0,0.5649645924568176,0.2156420201063156,0.21939334273338318,0.5649645924568176
20120824113300.0,2.0,0.567632257938385,0.21510548889636993,0.21726222336292267,0.567632257938385
20120824113400.0,2.0,0.5649645924568176,0.2156420201063156,0.21939334273338318,0.5649645924568176
20120824113500.0,2.0,0.567632257938385,0.21510548889636993,0.21726222336292267,0.567632257938385
20120824113600.0,2.0,0.5649645924568176,0.2156420201063156,0.21939334273338318,0.5649645924568176
20120824113700.0,2.0,0.567632257938385,0.21510548889636993,0.21726222336292267,0.567632257938385
20120824113800.0,2.0,0.5649645924568176,0.2156420201063156,0.21939334273338318,0.5649645924568176
20120824113900.0,2.0,0.567632257938385,0.21510548889636993,0.21726222336292267,0.567632257938385
20120824114000.0,2.0,0.5649645924568176,0.2156420201063156,0.21939334273338318,0.5649645924568176
20120824114100.0,2.0,0.567632257938385,0.21510548889636993,0.21726222336292267,0.567632257938385
20120824114200.0,2.0,0.5649645924568176,0.2156420201063156,0.21939334273338318,0.5649645924568176
20120824114300.0,2.0,0.567632257938385,0.21510548889636993,0.21726222336292267,0.567632257938385
20120824114400.0,2.0,0.5649645924568176,0.2156420201063156,0.21939334273338318,0.5649645924568176
20120824114500.0,2.0,0.567632257938385,0.21510548889636993,0.21726222336292267,0.567632257938385
20120824114600.0,2.0,0.5649645924568176,0.2156420201063156,0.21939334273338318,0.5649645924568176
20120824114700.0,2.0,0.567632257938385,0.21510548889636993,0.21726222336292267,0.567632257938385
20120824114800.0,2.0,0.5649645924568176,0.2156420201063156,0.21939334273338318,0.5649645924568176
20120824114900.0,2.0,0.567632257938385,0.21510548889636993,0.21726222336292267,0.567632257938385
20120824115000.0,2.0,0.5649645924568176,0.2156420201063156,0.21939334273338318,0.5649645924568176
20120824115100.0,2.0,0.567632257938385,0.21510548889636993,0.21726222336292267,0.567632257938385
20120824115200.0,2.0,0.5649645924568176,0.2156420201063156,0.21939334273338318,0.5649645924568176
20120824115300.0,2.0,0.567632257938385,0.21510548889636993,0.21726222336292267,0.567632257938385
20120824115400.0,2.0,0.5649645924568176,0.2156420201063156,0.21939334273338318,0.5649645924568176
20120824115500.0,2.0,0.567632257938385,0.21510548889636993,0.21726222336292267,0.567632257938385
20120824115600.0,2.0,0.5649645924568176,0.2156420201063156,0.21939334273338318,0.5649645924568176
20120824115700.0,2.0,0.567632257938385,0.21510548889636993,0.21726222336292267,0.567632257938385
20120824115800.0,2.0,0.5649645924568176,0.2156420201063156,0.21939334273338318,0.5649645924568176
20120824115900.0,2.0,0.567632257938385,0.21510548889636993,0.21726222336292267,0.567632257938385
20120824120000.0,2.0,0.5649645924568176,0.2156420201063156,0.21939334273338318,0.5649645924568176
20120824120100.0,2.0,0.567632257938385,0.21510548889636993,0.21726222336292267,0.567632257938385
20120824120200.0,2.0,0.5649645924568176,0.2156420201063156,0.21939334273338318,0.5649645924568176
20120824120300.0,2.0,0.567632257938385,0.21510548889636993,0.21726222336292267,0.567632257938385
20120824120400.0,2.0,0.5649645924568176,0.2156420201063156,0.21939334273338318,0.5649645924568176
20120824120500.0,2.0,0.567632257938385,0.21510548889636993,0.21726222336292267,0.567632257938385
20120824120600.0,2.0,0.5649645924568176,0.2156420201063156,0.21939334273338318,0.5649645924568176
20120824120700.0,2.0,0.567632257938385,0.21510548889636993,0.21726222336292267,0.567632257938385
20120824120800.0,2.0,0.5649645924568176,0.2156420201063156,0.21939334273338318,0.5649645924568176
20120824120900.0,2.0,0.567632257938385,0.21510548889636993,0.21726222336292267,0.567632257938385
20120824121000.0,2.0,0.5649645924568176,0.2156420201063156,0.21939334273338318,0.5649645924568176
20120824121100.0,2.0,0.567632257938385,0.21510548889636993,0.21726222336292267,0.567632257938385
20120824121200.0,2.0,0.5649645924568176,0.2156420201063156,0.21939334273338318,0.5649645924568176
20120824121300.0,2.0,0.567632257938385,0.21510548889636993,0.21726222336292267,0.567632257938385
20120824121400.0,2.0,0.5649645924568176,0.2156420201063156,0.21939334273338318,0.5649645924568176
20120824121500.0,2.0,0.567632257938385,0.21510548889636993,0.21726222336292267,0.567632257938385
20120824121600.0,2.0,0.5649645924568176,0.2156420201063156,0.21939334273338318,0.5649645924568176
20120824121700.0,2.0,0.567632257938385,0.21510548889636993,0.21726222336292267,0.567632257938385
20120824121800.0,2.0,0.5649645924568176,0.2156420201063156,0.21939334273338318,0.5649645924568176
20120824121900.0,2.0,0.567632257938385,0.21510548889636993,0.21726222336292267,0.567632257938385
20120824122000.0,2.0,0.5649645924568176,0.2156420201063156,0.21939334273338318,0.5649645924568176
20120824122100.0,2.0,0.567632257938385,0.21510548889636993,0.21726222336292267,0.567632257938385
20120824122200.0,2.0,0.5649645924568176,0.2156420201063156,0.21939334273338318,0.5649645924568176
20120824122300.0,2.0,0.567632257938385,0.21510548889636993,0.21726222336292267,0.567632257938385
20120824122400.0,2.0,0.5649645924568176,0.2156420201063156,0.21939334273338318,0.5649645924568176
20120824122500.0,2.0,0.567632257938385,0.21510548889636993,0.21726222336292267,0.567632257938385
20120824122600.0,2.0,0.5649645924568176,0.2156420201063156,0.21939334273338318,0.5649645924568176
20120824122700.0,2.0,0.567632257938385,0.21510548889636993,0.21726222336292267,0.567632257938385
20120824122800.0,2.0,0.5649645924568176,0.2156420201063156,0.21939334273338318,0.5649645924568176
20120824122900.0,2.0,0.567632257938385,0.21510548889636993,0.21726222336292267,0.567632257938385
20120824123000.0,2.0,0.5649645924568176,0.2156420201063156,0.21939334273338318,0.5649645924568176
20120824123100.0,2.0,0.567632257938385,0.21510548889636993,0.21726222336292267,0.567632257938385
20120824123200.0,2.0,0.5649645924568176,0.2156420201063156,0.21939334273338318,0.5649645924568176
20120824123300.0,2.0,0.567632257938385,0.21510548889636993,0.21726222336292267,0.567632257938385
20120824123400.0,2.0,0.5649645924568176,0.2156420201063156,0.21939334273338318,0.5649645924568176
20120824123500.0,2.0,0.567632257938385,0.21510548889636993,0.21726222336292267,0.567632257938385
20120824123600.0,2.0,0.5649645924568176,0.2156420201063156,0.21939334273338318,0.5649645924568176
20120824123700.0,2.0,0.567632257938385,0.21510548889636993,0.21726222336292267,0.567632257938385
20120824123800.0,2.0,0.5649645924568176,0.2156420201063156,0.21939334273338318,0.5649645924568176
20120824123900.0,2.0,0.567632257938385,0.21510548889636993,0.21726222336292267,0.567632257938385
20120824124000.0,2.0,0.5649645924568176,0.2156420201063156,0.21939334273338318,0.5649645924568176
20120824124100.0,2.0,0.567632257938385,0.21510548889636993,0.21726222336292267,0.567632257938385
20120824124200.0,2.0,0.5649645924568176,0.2156420201063156,0.21939334273338318,0.5649645924568176
20120824124300.0,2.0,0.567632257938385,0.21510548889636993,0.21726222336292267,0.567632257938385
20120824124400.0,2.0,0.5649645924568176,0.2156420201063156,0.21939334273338318,0.5649645924568176
20120824124500.0,2.0,0.567632257938385,0.21510548889636993,0.21726222336292267,0.567632257938385
20120824124600.0,2.0,0.5649645924568176,0.2156420201063156,0.21939334273338318,0.5649645924568176
20120824124700.0,2.0,0.567632257938385,0.21510548889636993,0.21726222336292267,0.567632257938385
20120824124800.0,2.0,0.5649645924568176,0.2156420201063156,0.21939334273338318,0.5649645924568176
20120824124900.0,2.0,0.567632257938385,0.21510548889636993,0.21726222336292267,0.567632257938385
20120824125000.0,2.0,0.5649645924568176,0.2156420201063156,0.21939334273338318,0.5649645924568176
20120824125100.0,2.0,0.567632257938385,0.21510548889636993,0.21726222336292267,0.567632257938385
20120824125200.0,2.0,0.5649645924568176,0.2156420201063156,0.21939334273338318,0.5649645924568176
20120824125300.0,2.0,0.567632257938385,0.21510548889636993,0.21726222336292267,0.567632257938385
20120824125400.0,2.0,0.5649645924568176,0.2156420201063156,0.21939334273338318,0.5649645924568176
20120824125500.0,2.0,0.567632257938385,0.21510548889636993,0.21726222336292267,0.567632257938385
20120824125600.0,2.0,0.5649645924568176,0.2156420201063156,0.21939334273338318,0.5649645924568176
20120824125700.0,2.0,0.567632257938385,0.21510548889636993,0.21726222336292267,0.567632257938385
20120824125800.0,2.0,0.5649645924568176,0.2156420201063156,0.21939334273338318,0.5649645924568176
20120824125900.0,2.0,0.567632257938385,0.21510548889636993,0.21726222336292267,0.567632257938385
20120824130000.0,2.0,0.5649645924568176,0.2156420201063156,0.21939334273338318,0.5649645924568176
20120824130100.0,2.0,0.567632257938385,0.21510548889636993,0.21726222336292267,0.567632257938385
20120824130200.0,2.0,0.5649645924568176,0.2156420201063156,0.21939334273338318,0.5649645924568176
20120824130300.0,2.0,0.567632257938385,0.21510548889636993,0.21726222336292267,0.567632257938385
20120824130400.0,2.0,0.5649645924568176,0.2156420201063156,0.21939334273338318,0.5649645924568176
20120824130500.0,2.0,0.567632257938385,0.21510548889636993,0.21726222336292267,0.567632257938385
20120824130600.0,2.0,0.5649645924568176,0.2156420201063156,0.21939334273338318,0.5649645924568176
20120824130700.0,2.0,0.567632257938385,0.21510548889636993,0.21726222336292267,0.567632257938385
20120824130800.0,2.0,0.5649645924568176,0.2156420201063156,0.21939334273338318,0.5649645924568176
20120824130900.0,2.0,0.567632257938385,0.21510548889636993,0.21726222336292267,0.567632257938385
20120824131000.0,2.0,0.5649645924568176,0.2156420201063156,0.21939334273338318,0.5649645924568176
20120824131100.0,2.0,0.567632257938385,0.21510548889636993,0.21726222336292267,0.567632257938385
20120824131200.0,2.0,0.5649645924568176,0.2156420201063156,0.21939334273338318,0.5649645924568176
20120824131300.0,2.0,0.567632257938385,0.21510548889636993,0.21726222336292267,0.567632257938385
20120824131400.0,2.0,0.5649645924568176,0.2156420201063156,0.21939334273338318,0.5649645924568176
20120824131500.0,2.0,0.567632257938385,0.21510548889636993,0.21726222336292267,0.567632257938385
20120824131600.0,2.0,0.5649645924568176,0.2156420201063156,0.21939334273338318,0.5649645924568176
20120824131700.0,2.0,0.567632257938385,0.21510548889636993,0.21726222336292267,0.567632257938385
20120824131800.0,2.0,0.5649645924568176,0.2156420201063156,0.21939334273338318,0.5649645924568176
20120824131900.0,2.0,0.567632257938385,0.21510548889636993,0.21726222336292267,0.567632257938385
20120824132000.0,2.0,0.5649645924568176,0.2156420201063156,0.21939334273338318,0.5649645924568176
20120824132100.0,2.0,0.567632257938385,0.21510548889636993,0.21726222336292267,0.567632257938385
20120824132200.0,2.0,0.5649645924568176,0.2156420201063156,0.21939334273338318,0.5649645924568176
20120824132300.0,2.0,0.567632257938385,0.21510548889636993,0.21726222336292267,0.567632257938385
20120824132400.0,2.0,0.5649645924568176,0.2156420201063156,0.21939334273338318,0.5649645924568176
20120824132500.0,2.0,0.567632257938385,0.21510548889636993,0.21726222336292267,0.567632257938385
20120824132600.0,2.0,0.5649645924568176,0.2156420201063156,0.21939334273338318,0.5649645924568176
20120824132700.0,2.0,0.567632257938385,0.21510548889636993,0.21726222336292267,0.567632257938385
20120824132800.0,2.0,0.5649645924568176,0.2156420201063156,0.21939334273338318,0.5649645924568176
20120824132900.0,2.0,0.567632257938385,0.21510548889636993,0.21726222336292267,0.567632257938385
20120824133000.0,2.0,0.5649645924568176,0.2156420201063156,0.21939334273338318,0.5649645924568176
20120824133100.0,2.0,0.567632257938385,0.21510548889636993,0.21726222336292267,0.567632257938385
20120824133200.0,2.0,0.5649645924568176,0.2156420201063156,0.21939334273338318,0.5649645924568176
20120824133300.0,2.0,0.567632257938385,0.21510548889636993,0.21726222336292267,0.567632257938385
20120824133400.0,2.0,0.5649645924568176,0.2156420201063156,0.21939334273338318,0.5649645924568176
20120824133500.0,2.0,0.567632257938385,0.21510548889636993,0.21726222336292267,0.567632257938385
20120824133600.0,2.0,0.5649645924568176,0.2156420201063156,0.21939334273338318,0.5649645924568176
20120824133700.0,2.0,0.567632257938385,0.21510548889636993,0.21726222336292267,0.567632257938385
20120824133800.0,2.0,0.5649645924568176,0.2156420201063156,0.21939334273338318,0.5649645924568176
20120824133900.0,2.0,0.567632257938385,0.21510548889636993,0.21726222336292267,0.567632257938385
20120824134000.0,2.0,0.5649645924568176,0.2156420201063156,0.21939334273338318,0.5649645924568176
20120824134100.0,2.0,0.567632257938385,0.21510548889636993,0.21726222336292267,0.567632257938385
20120824134200.0,2.0,0.5649645924568176,0.2156420201063156,0.21939334273338318,0.5649645924568176
20120824134300.0,2.0,0.567632257938385,0.21510548889636993,0.21726222336292267,0.567632257938385
20120824134400.0,2.0,0.5649645924568176,0.2156420201063156,0.21939334273338318,0.5649645924568176
20120824134500.0,2.0,0.567632257938385,0.21510548889636993,0.21726222336292267,0.567632257938385
20120824134600.0,2.0,0.5649645924568176,0.2156420201063156,0.21939334273338318,0.5649645924568176
20120824134700.0,2.0,0.567632257938385,0.21510548889636993,0.21726222336292267,0.567632257938385
20120824134800.0,2.0,0.5649645924568176,0.2156420201063156,0.21939334273338318,0.5649645924568176
20120824134900.0,2.0,0.567632257938385,0.21510548889636993,0.21726222336292267,0.567632257938385
20120824135000.0,2.0,0.5649645924568176,0.2156420201063156,0.21939334273338318,0.5649645924568176
20120824135100.0,2.0,0.567632257938385,0.21510548889636993,0.21726222336292267,0.567632257938385
20120824135200.0,2.0,0.5649645924568176,0.2156420201063156,0.21939334273338318,0.5649645924568176
20120824135300.0,2.0,0.567632257938385,0.21510548889636993,0.21726222336292267,0.567632257938385
20120824135400.0,2.0,0.5649645924568176,0.2156420201063156,0.21939334273338318,0.5649645924568176
20120824135500.0,2.0,0.567632257938385,0.21510548889636993,0.21726222336292267,0.567632257938385
20120824135600.0,2.0,0.5649645924568176,0.2156420201063156,0.21939334273338318,0.5649645924568176
20120824135700.0,2.0,0.567632257938385,0.21510548889636993,0.21726222336292267,0.567632257938385
20120824135800.0,2.0,0.5649645924568176,0.2156420201063156,0.21939334273338318,0.5649645924568176
20120824135900.0,2.0,0.567632257938385,0.21510548889636993,0.21726222336292267,0.567632257938385
20120824140000.0,2.0,0.5649645924568176,0.2156420201063156,0.21939334273338318,0.5649645924568176
20120824140100.0,2.0,0.567632257938385,0.21510548889636993,0.21726222336292267,0.567632257938385
20120824140200.0,2.0,0.5649645924568176,0.2156420201063156,0.21939334273338318,0.5649645924568176
20120824140300.0,2.0,0.567632257938385,0.21510548889636993,0.21726222336292267,0.567632257938385
20120824140400.0,2.0,0.5649645924568176,0.2156420201063156,0.21939334273338318,0.5649645924568176
20120824140500.0,2.0,0.567632257938385,0.21510548889636993,0.21726222336292267,0.567632257938385
20120824140600.0,2.0,0.5649645924568176,0.2156420201063156,0.21939334273338318,0.5649645924568176
20120824140700.0,2.0,0.567632257938385,0.21510548889636993,0.21726222336292267,0.567632257938385
20120824140800.0,2.0,0.5649645924568176,0.2156420201063156,0.21939334273338318,0.5649645924568176
20120824140900.0,2.0,0.567632257938385,0.21510548889636993,0.21726222336292267,0.567632257938385
20120824141000.0,2.0,0.5649645924568176,0.2156420201063156,0.21939334273338318,0.5649645924568176
20120824141100.0,2.0,0.567632257938385,0.21510548889636993,0.21726222336292267,0.567632257938385
20120824141200.0,2.0,0.5649645924568176,0.2156420201063156,0.21939334273338318,0.5649645924568176
20120824141300.0,2.0,0.567632257938385,0.21510548889636993,0.21726222336292267,0.567632257938385
20120824141400.0,2.0,0.5649645924568176,0.2156420201063156,0.21939334273338318,0.5649645924568176
20120824141500.0,2.0,0.567632257938385,0.21510548889636993,0.21726222336292267,0.567632257938385
20120824141600.0,2.0,0.5649645924568176,0.2156420201063156,0.21939334273338318,0.5649645924568176
20120824141700.0,2.0,0.567632257938385,0.21510548889636993,0.21726222336292267,0.567632257938385
20120824141800.0,2.0,0.5649645924568176,0.2156420201063156,0.21939334273338318,0.5649645924568176
20120824141900.0,2.0,0.567632257938385,0.21510548889636993,0.21726222336292267,0.567632257938385
20120824142000.0,2.0,0.5649645924568176,0.2156420201063156,0.21939334273338318,0.5649645924568176
20120824142100.0,2.0,0.567632257938385,0.21510548889636993,0.21726222336292267,0.567632257938385
20120824142200.0,2.0,0.5649645924568176,0.2156420201063156,0.21939334273338318,0.5649645924568176
20120824142300.0,2.0,0.567632257938385,0.21510548889636993,0.21726222336292267,0.567632257938385
20120824142400.0,2.0,0.5649645924568176,0.2156420201063156,0.21939334273338318,0.5649645924568176
20120824142500.0,2.0,0.567632257938385,0.21510548889636993,0.21726222336292267,0.567632257938385
20120824142600.0,2.0,0.5649645924568176,0.2156420201063156,0.21939334273338318,0.5649645924568176
20120824142700.0,2.0,0.567632257938385,0.21510548889636993,0.21726222336292267,0.567632257938385
20120824142800.0,2.0,0.5649645924568176,0.2156420201063156,0.21939334273338318,0.5649645924568176
20120824142900.0,2.0,0.567632257938385,0.21510548889636993,0.21726222336292267,0.567632257938385
20120824143000.0,2.0,0.5649645924568176,0.2156420201063156,0.21939334273338318,0.5649645924568176
20120824143100.0,2.0,0.567632257938385,0.21510548889636993,0.21726222336292267,0.567632257938385
20120824143200.0,2.0,0.5649645924568176,0.2156420201063156,0.21939334273338318,0.5649645924568176
20120824143300.0,2.0,0.567632257938385,0.21510548889636993,0.21726222336292267,0.567632257938385
20120824143400.0,2.0,0.5649645924568176,0.2156420201063156,0.21939334273338318,0.5649645924568176
20120824143500.0,2.0,0.567632257938385,0.21510548889636993,0.21726222336292267,0.567632257938385
20120824143600.0,2.0,0.5649645924568176,0.2156420201063156,0.21939334273338318,0.5649645924568176
20120824143700.0,2.0,0.567632257938385,0.21510548889636993,0.21726222336292267,0.567632257938385
20120824143800.0,2.0,0.5649645924568176,0.2156420201063156,0.21939334273338318,0.5649645924568176
20120824143900.0,2.0,0.567632257938385,0.21510548889636993,0.21726222336292267,0.567632257938385
20120824144000.0,2.0,0.5649645924568176,0.2156420201063156,0.21939334273338318,0.5649645924568176
20120824144100.0,2.0,0.567632257938385,0.21510548889636993,0.21726222336292267,0.567632257938385
20120824144200.0,2.0,0.5649645924568176,0.2156420201063156,0.21939334273338318,0.5649645924568176
20120824144300.0,2.0,0.567632257938385,0.21510548889636993,0.21726222336292267,0.567632257938385
20120824144400.0,2.0,0.5649645924568176,0.2156420201063156,0.21939334273338318,0.5649645924568176
20120824144500.0,2.0,0.567632257938385,0.21510548889636993,0.21726222336292267,0.567632257938385
20120824144600.0,2.0,0.5649645924568176,0.2156420201063156,0.21939334273338318,0.5649645924568176
20120824144700.0,2.0,0.567632257938385,0.21510548889636993,0.21726222336292267,0.567632257938385
20120824144800.0,2.0,0.5649645924568176,0.2156420201063156,0.21939334273338318,0.5649645924568176
20120824144900.0,2.0,0.567632257938385,0.21510548889636993,0.21726222336292267,0.567632257938385
20120824145000.0,2.0,0.5649645924568176,0.2156420201063156,0.21939334273338318,0.5649645924568176
20120824145100.0,2.0,0.567632257938385,0.21510548889636993,0.21726222336292267,0.567632257938385
20120824145200.0,2.0,0.5649645924568176,0.2156420201063156,0.21939334273338318,0.5649645924568176
20120824145300.0,2.0,0.567632257938385,0.21510548889636993,0.21726222336292267,0.567632257938385
20120824145400.0,2.0,0.5649645924568176,0.2156420201063156,0.21939334273338318,0.5649645924568176
20120824145500.0,2.0,0.567632257938385,0.21510548889636993,0.21726222336292267,0.567632257938385
20120824145600.0,2.0,0.5649645924568176,0.2156420201063156,0.21939334273338318,0.5649645924568176
20120824145700.0,2.0,0.567632257938385,0.21510548889636993,0.21726222336292267,0.567632257938385
20120824145800.0,2.0,0.5649645924568176,0.2156420201063156,0.21939334273338318,0.5649645924568176
20120824145900.0,2.0,0.567632257938385,0.21510548889636993,0.21726222336292267,0.567632257938385
20120824150000.0,2.0,0.5649645924568176,0.2156420201063156,0.21939334273338318,0.5649645924568176
20120824150100.0,2.0,0.567632257938385,0.21510548889636993,0.21726222336292267,0.567632257938385
20120824150200.0,2.0,0.5649645924568176,0.2156420201063156,0.21939334273338318,0.5649645924568176
20120824150300.0,2.0,0.567632257938385,0.21510548889636993,0.21726222336292267,0.567632257938385
20120824150400.0,2.0,0.5649645924568176,0.2156420201063156,0.21939334273338318,0.5649645924568176
20120824150500.0,2.0,0.567632257938385,0.21510548889636993,0.21726222336292267,0.567632257938385
20120824150600.0,2.0,0.5649645924568176,0.2156420201063156,0.21939334273338318,0.5649645924568176
20120824150700.0,2.0,0.567632257938385,0.21510548889636993,0.21726222336292267,0.567632257938385
20120824150800.0,2.0,0.5649645924568176,0.2156420201063156,0.21939334273338318,0.5649645924568176
20120824150900.0,2.0,0.567632257938385,0.21510548889636993,0.21726222336292267,0.567632257938385
20120824151000.0,2.0,0.5649645924568176,0.2156420201063156,0.21939334273338318,0.5649645924568176
20120824151100.0,2.0,0.567632257938385,0.21510548889636993,0.21726222336292267,0.567632257938385
20120824151200.0,2.0,0.5649645924568176,0.2156420201063156,0.21939334273338318,0.5649645924568176
20120824151300.0,2.0,0.567632257938385,0.21510548889636993,0.21726222336292267,0.567632257938385
20120824151400.0,2.0,0.5649645924568176,0.2156420201063156,0.21939334273338318,0.5649645924568176
20120824151500.0,2.0,0.567632257938385,0.21510548889636993,0.21726222336292267,0.567632257938385
20120824151600.0,2.0,0.5649645924568176,0.2156420201063156,0.21939334273338318,0.5649645924568176
20120824151700.0,2.0,0.567632257938385,0.21510548889636993,0.21726222336292267,0.567632257938385
20120824151800.0,2.0,0.5649645924568176,0.2156420201063156,0.21939334273338318,0.5649645924568176
20120824151900.0,2.0,0.567632257938385,0.21510548889636993,0.21726222336292267,0.567632257938385
20120824152000.0,2.0,0.5649645924568176,0.2156420201063156,0.21939334273338318,0.5649645924568176
20120824152100.0,2.0,0.567632257938385,0.21510548889636993,0.21726222336292267,0.567632257938385
20120824152200.0,2.0,0.5649645924568176,0.2156420201063156,0.21939334273338318,0.5649645924568176
20120824152300.0,2.0,0.567632257938385,0.21510548889636993,0.21726222336292267,0.567632257938385
20120824152400.0,2.0,0.5649645924568176,0.2156420201063156,0.21939334273338318,0.5649645924568176
20120824152500.0,2.0,0.567632257938385,0.21510548889636993,0.21726222336292267,0.567632257938385
20120824152600.0,2.0,0.5649645924568176,0.2156420201063156,0.21939334273338318,0.5649645924568176
20120824152700.0,2.0,0.567632257938385,0.21510548889636993,0.21726222336292267,0.567632257938385
20120824152800.0,2.0,0.5649645924568176,0.2156420201063156,0.21939334273338318,0.5649645924568176
20120824152900.0,2.0,0.567632257938385,0.21510548889636993,0.21726222336292267,0.567632257938385
20120824153000.0,2.0,0.5649645924568176,0.2156420201063156,0.21939334273338318,0.5649645924568176
20120824153100.0,2.0,0.567632257938385,0.21510548889636993,0.21726222336292267,0.567632257938385
20120824153200.0,2.0,0.5649645924568176,0.2156420201063156,0.21939334273338318,0.5649645924568176
20120824153300.0,2.0,0.567632257938385,0.21510548889636993,0.21726222336292267,0.567632257938385
20120824153400.0,2.0,0.5649645924568176,0.2156420201063156,0.21939334273338318,0.5649645924568176
20120824153500.0,2.0,0.567632257938385,0.21510548889636993,0.21726222336292267,0.567632257938385
20120824153600.0,2.0,0.5649645924568176,0.2156420201063156,0.21939334273338318,0.5649645924568176
20120824153700.0,2.0,0.567632257938385,0.21510548889636993,0.21726222336292267,0.567632257938385
20120824153800.0,2.0,0.5649645924568176,0.2156420201063156,0.21939334273338318,0.5649645924568176
20120824153900.0,2.0,0.567632257938385,0.21510548889636993,0.21726222336292267,0.567632257938385
20120824154000.0,2.0,0.5649645924568176,0.2156420201063156,0.21939334273338318,0.5649645924568176
20120824154100.0,2.0,0.567632257938385,0.21510548889636993,0.21726222336292267,0.567632257938385
20120824154200.0,2.0,0.5649645924568176,0.2156420201063156,0.21939334273338318,0.5649645924568176
20120824154300.0,2.0,0.567632257938385,0.21510548889636993,0.21726222336292267,0.567632257938385
20120824154400.0,2.0,0.5649645924568176,0.2156420201063156,0.21939334273338318,0.5649645924568176
20120824154500.0,2.0,0.567632257938385,0.21510548889636993,0.21726222336292267,0.567632257938385
20120824154600.0,2.0,0.5649645924568176,0.2156420201063156,0.21939334273338318,0.5649645924568176
20120824154700.0,2.0,0.567632257938385,0.21510548889636993,0.21726222336292267,0.567632257938385
20120824154800.0,2.0,0.5649645924568176,0.2156420201063156,0.21939334273338318,0.5649645924568176
20120824154900.0,2.0,0.567632257938385,0.21510548889636993,0.21726222336292267,0.567632257938385
20120824155000.0,2.0,0.5649645924568176,0.2156420201063156,0.21939334273338318,0.5649645924568176
20120824155100.0,2.0,0.567632257938385,0.21510548889636993,0.21726222336292267,0.567632257938385
20120824155200.0,2.0,0.5649645924568176,0.2156420201063156,0.21939334273338318,0.5649645924568176
20120824155300.0,2.0,0.567632257938385,0.21510548889636993,0.21726222336292267,0.567632257938385
20120824155400.0,2.0,0.5649645924568176,0.2156420201063156,0.21939334273338318,0.5649645924568176
20120824155500.0,2.0,0.567632257938385,0.21510548889636993,0.21726222336292267,0.567632257938385
20120824155600.0,2.0,0.5649645924568176,0.2156420201063156,0.21939334273338318,0.5649645924568176
20120824155700.0,2.0,0.567632257938385,0.21510548889636993,0.21726222336292267,0.567632257938385
20120824155800.0,2.0,0.5649645924568176,0.2156420201063156,0.21939334273338318,0.5649645924568176
20120824155900.0,2.0,0.567632257938385,0.21510548889636993,0.21726222336292267,0.567632257938385
20120824160000.0,2.0,0.5649645924568176,0.2156420201063156,0.21939334273338318,0.5649645924568176
20120824160100.0,2.0,0.567632257938385,0.21510548889636993,0.21726222336292267,0.567632257938385
20120824160200.0,2.0,0.5649645924568176,0.2156420201063156,0.21939334273338318,0.5649645924568176
20120824160300.0,2.0,0.567632257938385,0.21510548889636993,0.21726222336292267,0.567632257938385
20120824160400.0,2.0,0.5649645924568176,0.2156420201063156,0.21939334273338318,0.5649645924568176
20120824160500.0,2.0,0.567632257938385,0.21510548889636993,0.21726222336292267,0.567632257938385
20120824160600.0,2.0,0.5649645924568176,0.2156420201063156,0.21939334273338318,0.5649645924568176
20120824160700.0,2.0,0.567632257938385,0.21510548889636993,0.21726222336292267,0.567632257938385
20120824160800.0,2.0,0.5649645924568176,0.2156420201063156,0.21939334273338318,0.5649645924568176
20120824160900.0,2.0,0.567632257938385,0.21510548889636993,0.21726222336292267,0.567632257938385
20120824161000.0,2.0,0.5649645924568176,0.2156420201063156,0.21939334273338318,0.5649645924568176
20120824161100.0,2.0,0.567632257938385,0.21510548889636993,0.21726222336292267,0.567632257938385
20120824161200.0,2.0,0.5649645924568176,0.2156420201063156,0.21939334273338318,0.5649645924568176
20120824161300.0,2.0,0.567632257938385,0.21510548889636993,0.21726222336292267,0.567632257938385
20120824161400.0,2.0,0.5649645924568176,0.2156420201063156,0.21939334273338318,0.5649645924568176
20120824161500.0,2.0,0.567632257938385,0.21510548889636993,0.21726222336292267,0.567632257938385
20120824161600.0,2.0,0.5649645924568176,0.2156420201063156,0.21939334273338318,0.5649645924568176
20120824161700.0,2.0,0.567632257938385,0.21510548889636993,0.21726222336292267,0.567632257938385
20120824161800.0,2.0,0.5649645924568176,0.2156420201063156,0.21939334273338318,0.5649645924568176
20120824161900.0,2.0,0.567632257938385,0.21510548889636993,0.21726222336292267,0.567632257938385
20120824162000.0,2.0,0.5649645924568176,0.2156420201063156,0.21939334273338318,0.5649645924568176
20120824162100.0,2.0,0.567632257938385,0.21510548889636993,0.21726222336292267,0.567632257938385
20120824162200.0,2.0,0.5649645924568176,0.2156420201063156,0.21939334273338318,0.5649645924568176
20120824162300.0,2.0,0.567632257938385,0.21510548889636993,0.21726222336292267,0.567632257938385
20120824162400.0,2.0,0.5649645924568176,0.2156420201063156,0.21939334273338318,0.5649645924568176
20120824162500.0,2.0,0.567632257938385,0.21510548889636993,0.21726222336292267,0.567632257938385
20120824162600.0,2.0,0.5649645924568176,0.2156420201063156,0.21939334273338318,0.5649645924568176
20120824162700.0,2.0,0.567632257938385,0.21510548889636993,0.21726222336292267,0.567632257938385
20120824162800.0,2.0,0.5649645924568176,0.2156420201063156,0.21939334273338318,0.5649645924568176
20120824162900.0,2.0,0.567632257938385,0.21510548889636993,0.21726222336292267,0.567632257938385
20120824163000.0,2.0,0.5649645924568176,0.2156420201063156,0.21939334273338318,0.5649645924568176
20120824163100.0,2.0,0.567632257938385,0.21510548889636993,0.21726222336292267,0.567632257938385
20120824163200.0,2.0,0.5649645924568176,0.2156420201063156,0.21939334273338318,0.5649645924568176
20120824163300.0,2.0,0.567632257938385,0.21510548889636993,0.21726222336292267,0.567632257938385
20120824163400.0,2.0,0.5649645924568176,0.2156420201063156,0.21939334273338318,0.5649645924568176
20120824163500.0,2.0,0.567632257938385,0.21510548889636993,0.21726222336292267,0.567632257938385
20120824163600.0,2.0,0.5649645924568176,0.2156420201063156,0.21939334273338318,0.5649645924568176
20120824163700.0,2.0,0.567632257938385,0.21510548889636993,0.21726222336292267,0.567632257938385
20120824163800.0,2.0,0.5649645924568176,0.2156420201063156,0.21939334273338318,0.5649645924568176
20120824163900.0,2.0,0.567632257938385,0.21510548889636993,0.21726222336292267,0.567632257938385
20120824164000.0,2.0,0.5649645924568176,0.2156420201063156,0.21939334273338318,0.5649645924568176
20120824164100.0,2.0,0.567632257938385,0.21510548889636993,0.21726222336292267,0.567632257938385
20120824164200.0,2.0,0.5649645924568176,0.2156420201063156,0.21939334273338318,0.5649645924568176
20120824164300.0,2.0,0.567632257938385,0.21510548889636993,0.21726222336292267,0.567632257938385
20120824164400.0,2.0,0.5649645924568176,0.2156420201063156,0.21939334273338318,0.5649645924568176
20120824164500.0,2.0,0.567632257938385,0.21510548889636993,0.21726222336292267,0.567632257938385
20120824164600.0,2.0,0.5649645924568176,0.2156420201063156,0.21939334273338318,0.5649645924568176
20120824164700.0,2.0,0.567632257938385,0.21510548889636993,0.21726222336292267,0.567632257938385
20120824164800.0,2.0,0.5649645924568176,0.2156420201063156,0.21939334273338318,0.5649645924568176
20120824164900.0,2.0,0.567632257938385,0.21510548889636993,0.21726222336292267,0.567632257938385
20120824165000.0,2.0,0.5649645924568176,0.2156420201063156,0.21939334273338318,0.5649645924568176
20120824165100.0,2.0,0.567632257938385,0.21510548889636993,0.21726222336292267,0.567632257938385
20120824165200.0,2.0,0.5649645924568176,0.2156420201063156,0.21939334273338318,0.5649645924568176
20120824165300.0,2.0,0.567632257938385,0.21510548889636993,0.21726222336292267,0.567632257938385
20120824165400.0,2.0,0.5649645924568176,0.2156420201063156,0.21939334273338318,0.5649645924568176
20120824165500.0,2.0,0.567632257938385,0.21510548889636993,0.21726222336292267,0.567632257938385
20120824165600.0,2.0,0.5649645924568176,0.2156420201063156,0.21939334273338318,0.5649645924568176
20120824165700.0,2.0,0.567632257938385,0.21510548889636993,0.21726222336292267,0.567632257938385
20120824165800.0,2.0,0.5649645924568176,0.2156420201063156,0.21939334273338318,0.5649645924568176
20120824165900.0,2.0,0.567632257938385,0.21510548889636993,0.21726222336292267,0.567632257938385
20120824170000.0,2.0,0.5649645924568176,0.2156420201063156,0.21939334273338318,0.5649645924568176
20120824170100.0,2.0,0.567632257938385,0.21510548889636993,0.21726222336292267,0.567632257938385
20120824170200.0,2.0,0.5649645924568176,0.2156420201063156,0.21939334273338318,0.5649645924568176
20120824170300.0,2.0,0.567632257938385,0.21510548889636993,0.21726222336292267,0.567632257938385
20120824170400.0,2.0,0.5649645924568176,0.2156420201063156,0.21939334273338318,0.5649645924568176
20120824170500.0,2.0,0.567632257938385,0.21510548889636993,0.21726222336292267,0.567632257938385
20120824170600.0,2.0,0.5649645924568176,0.2156420201063156,0.21939334273338318,0.5649645924568176
20120824170700.0,2.0,0.567632257938385,0.21510548889636993,0.21726222336292267,0.567632257938385
20120824170800.0,2.0,0.5649645924568176,0.2156420201063156,0.21939334273338318,0.5649645924568176
20120824170900.0,2.0,0.567632257938385,0.21510548889636993,0.21726222336292267,0.567632257938385
20120824171000.0,2.0,0.5649645924568176,0.2156420201063156,0.21939334273338318,0.5649645924568176
20120824171100.0,2.0,0.567632257938385,0.21510548889636993,0.21726222336292267,0.567632257938385
20120824171200.0,2.0,0.5649645924568176,0.2156420201063156,0.21939334273338318,0.5649645924568176
20120824171300.0,2.0,0.567632257938385,0.21510548889636993,0.21726222336292267,0.567632257938385
20120824171400.0,2.0,0.5649645924568176,0.2156420201063156,0.21939334273338318,0.5649645924568176
20120824171500.0,2.0,0.567632257938385,0.21510548889636993,0.21726222336292267,0.567632257938385
20120824171600.0,2.0,0.5649645924568176,0.2156420201063156,0.21939334273338318,0.5649645924568176
20120824171700.0,2.0,0.567632257938385,0.21510548889636993,0.21726222336292267,0.567632257938385
20120824171800.0,2.0,0.5649645924568176,0.2156420201063156,0.21939334273338318,0.5649645924568176
20120824171900.0,2.0,0.567632257938385,0.21510548889636993,0.21726222336292267,0.567632257938385
20120824172000.0,2.0,0.5649645924568176,0.2156420201063156,0.21939334273338318,0.5649645924568176
20120824172100.0,2.0,0.567632257938385,0.21510548889636993,0.21726222336292267,0.567632257938385
20120824172200.0,2.0,0.5649645924568176,0.2156420201063156,0.21939334273338318,0.5649645924568176
20120824172300.0,2.0,0.567632257938385,0.21510548889636993,0.21726222336292267,0.567632257938385
20120824172400.0,2.0,0.5649645924568176,0.2156420201063156,0.21939334273338318,0.5649645924568176
20120824172500.0,2.0,0.567632257938385,0.21510548889636993,0.21726222336292267,0.567632257938385
20120824172600.0,2.0,0.5649645924568176,0.2156420201063156,0.21939334273338318,0.5649645924568176
20120824172700.0,2.0,0.567632257938385,0.21510548889636993,0.21726222336292267,0.567632257938385
20120824172800.0,2.0,0.5649645924568176,0.2156420201063156,0.21939334273338318,0.5649645924568176
20120824172900.0,2.0,0.567632257938385,0.21510548889636993,0.21726222336292267,0.567632257938385
20120824173000.0,2.0,0.5649645924568176,0.2156420201063156,0.21939334273338318,0.5649645924568176
20120824173100.0,2.0,0.567632257938385,0.21510548889636993,0.21726222336292267,0.567632257938385
20120824173200.0,2.0,0.5649645924568176,0.2156420201063156,0.21939334273338318,0.5649645924568176
20120824173300.0,2.0,0.567632257938385,0.21510548889636993,0.21726222336292267,0.567632257938385
20120824173400.0,2.0,0.5649645924568176,0.2156420201063156,0.21939334273338318,0.5649645924568176
20120824173500.0,2.0,0.567632257938385,0.21510548889636993,0.21726222336292267,0.567632257938385
20120824173600.0,2.0,0.5649645924568176,0.2156420201063156,0.21939334273338318,0.5649645924568176
20120824173700.0,2.0,0.567632257938385,0.21510548889636993,0.21726222336292267,0.567632257938385
20120824173800.0,2.0,0.5649645924568176,0.2156420201063156,0.21939334273338318,0.5649645924568176
20120824173900.0,2.0,0.567632257938385,0.21510548889636993,0.21726222336292267,0.567632257938385
20120824174000.0,2.0,0.5649645924568176,0.2156420201063156,0.21939334273338318,0.5649645924568176
20120824174100.0,2.0,0.567632257938385,0.21510548889636993,0.21726222336292267,0.567632257938385
20120824174200.0,2.0,0.5649645924568176,0.2156420201063156,0.21939334273338318,0.5649645924568176
20120824174300.0,2.0,0.567632257938385,0.21510548889636993,0.21726222336292267,0.567632257938385
20120824174400.0,2.0,0.5649645924568176,0.2156420201063156,0.21939334273338318,0.5649645924568176
20120824174500.0,2.0,0.567632257938385,0.21510548889636993,0.21726222336292267,0.567632257938385
20120824174600.0,2.0,0.5649645924568176,0.2156420201063156,0.21939334273338318,0.5649645924568176
20120824174700.0,2.0,0.567632257938385,0.21510548889636993,0.21726222336292267,0.567632257938385
20120824174800.0,2.0,0.5649645924568176,0.2156420201063156,0.21939334273338318,0.5649645924568176
20120824174900.0,2.0,0.567632257938385,0.21510548889636993,0.21726222336292267,0.567632257938385
20120824175000.0,2.0,0.5649645924568176,0.2156420201063156,0.21939334273338318,0.5649645924568176
20120824175100.0,2.0,0.567632257938385,0.21510548889636993,0.21726222336292267,0.567632257938385
20120824175200.0,2.0,0.5649645924568176,0.2156420201063156,0.21939334273338318,0.5649645924568176
20120824175300.0,2.0,0.567632257938385,0.21510548889636993,0.21726222336292267,0.567632257938385
20120824175400.0,2.0,0.5649645924568176,0.2156420201063156,0.21939334273338318,0.5649645924568176
20120824175500.0,2.0,0.567632257938385,0.21510548889636993,0.21726222336292267,0.567632257938385
20120824175600.0,2.0,0.5649645924568176,0.2156420201063156,0.21939334273338318,0.5649645924568176
20120824175700.0,2.0,0.567632257938385,0.21510548889636993,0.21726222336292267,0.567632257938385
20120824175800.0,2.0,0.5649645924568176,0.2156420201063156,0.21939334273338318,0.5649645924568176
20120824175900.0,2.0,0.567632257938385,0.21510548889636993,0.21726222336292267,0.567632257938385
20120824180000.0,2.0,0.5649645924568176,0.2156420201063156,0.21939334273338318,0.5649645924568176
20120824180100.0,2.0,0.567632257938385,0.21510548889636993,0.21726222336292267,0.567632257938385
20120824180200.0,2.0,0.5649645924568176,0.2156420201063156,0.21939334273338318,0.5649645924568176
20120824180300.0,2.0,0.567632257938385,0.21510548889636993,0.21726222336292267,0.567632257938385
20120824180400.0,2.0,0.5649645924568176,0.2156420201063156,0.21939334273338318,0.5649645924568176
20120824180500.0,2.0,0.567632257938385,0.21510548889636993,0.21726222336292267,0.567632257938385
20120824180600.0,2.0,0.5649645924568176,0.2156420201063156,0.21939334273338318,0.5649645924568176
20120824180700.0,2.0,0.567632257938385,0.21510548889636993,0.21726222336292267,0.567632257938385
20120824180800.0,2.0,0.5649645924568176,0.2156420201063156,0.21939334273338318,0.5649645924568176
20120824180900.0,2.0,0.567632257938385,0.21510548889636993,0.21726222336292267,0.567632257938385
20120824181000.0,2.0,0.5649645924568176,0.2156420201063156,0.21939334273338318,0.5649645924568176
20120824181100.0,2.0,0.567632257938385,0.21510548889636993,0.21726222336292267,0.567632257938385
20120824181200.0,2.0,0.5649645924568176,0.2156420201063156,0.21939334273338318,0.5649645924568176
20120824181300.0,2.0,0.567632257938385,0.21510548889636993,0.21726222336292267,0.567632257938385
20120824181400.0,2.0,0.5649645924568176,0.2156420201063156,0.21939334273338318,0.5649645924568176
20120824181500.0,2.0,0.567632257938385,0.21510548889636993,0.21726222336292267,0.567632257938385
20120824181600.0,2.0,0.5649645924568176,0.2156420201063156,0.21939334273338318,0.5649645924568176
20120824181700.0,2.0,0.567632257938385,0.21510548889636993,0.21726222336292267,0.567632257938385
20120824181800.0,2.0,0.5649645924568176,0.2156420201063156,0.21939334273338318,0.5649645924568176
20120824181900.0,2.0,0.567632257938385,0.21510548889636993,0.21726222336292267,0.567632257938385
20120824182000.0,2.0,0.5649645924568176,0.2156420201063156,0.21939334273338318,0.5649645924568176
20120824182100.0,2.0,0.567632257938385,0.21510548889636993,0.21726222336292267,0.567632257938385
20120824182200.0,2.0,0.5649645924568176,0.2156420201063156,0.21939334273338318,0.5649645924568176
20120824182300.0,2.0,0.567632257938385,0.21510548889636993,0.21726222336292267,0.567632257938385
20120824182400.0,2.0,0.5649645924568176,0.2156420201063156,0.21939334273338318,0.5649645924568176
20120824182500.0,2.0,0.567632257938385,0.21510548889636993,0.21726222336292267,0.567632257938385
20120824182600.0,2.0,0.5649645924568176,0.2156420201063156,0.21939334273338318,0.5649645924568176
20120824182700.0,2.0,0.567632257938385,0.21510548889636993,0.21726222336292267,0.567632257938385
20120824182800.0,2.0,0.5649645924568176,0.2156420201063156,0.21939334273338318,0.5649645924568176
20120824182900.0,2.0,0.567632257938385,0.21510548889636993,0.21726222336292267,0.567632257938385
20120824183000.0,2.0,0.5649645924568176,0.2156420201063156,0.21939334273338318,0.5649645924568176
20120824183100.0,2.0,0.567632257938385,0.21510548889636993,0.21726222336292267,0.567632257938385
20120824183200.0,2.0,0.5649645924568176,0.2156420201063156,0.21939334273338318,0.5649645924568176
20120824183300.0,2.0,0.567632257938385,0.21510548889636993,0.21726222336292267,0.567632257938385
20120824183400.0,2.0,0.5649645924568176,0.2156420201063156,0.21939334273338318,0.5649645924568176
20120824183500.0,2.0,0.567632257938385,0.21510548889636993,0.21726222336292267,0.567632257938385
20120824183600.0,2.0,0.5649645924568176,0.2156420201063156,0.21939334273338318,0.5649645924568176
20120824183700.0,2.0,0.567632257938385,0.21510548889636993,0.21726222336292267,0.567632257938385
20120824183800.0,2.0,0.5649645924568176,0.2156420201063156,0.21939334273338318,0.5649645924568176
20120824183900.0,2.0,0.567632257938385,0.21510548889636993,0.21726222336292267,0.567632257938385
20120824184000.0,2.0,0.5649645924568176,0.2156420201063156,0.21939334273338318,0.5649645924568176
20120824184100.0,2.0,0.567632257938385,0.21510548889636993,0.21726222336292267,0.567632257938385
20120824184200.0,2.0,0.5649645924568176,0.2156420201063156,0.21939334273338318,0.5649645924568176
20120824184300.0,2.0,0.567632257938385,0.21510548889636993,0.21726222336292267,0.567632257938385
20120824184400.0,2.0,0.5649645924568176,0.2156420201063156,0.21939334273338318,0.5649645924568176
20120824184500.0,2.0,0.567632257938385,0.21510548889636993,0.21726222336292267,0.567632257938385
20120824184600.0,2.0,0.5649645924568176,0.2156420201063156,0.21939334273338318,0.5649645924568176
20120824184700.0,2.0,0.567632257938385,0.21510548889636993,0.21726222336292267,0.567632257938385
20120824184800.0,2.0,0.5649645924568176,0.2156420201063156,0.21939334273338318,0.5649645924568176
20120824184900.0,2.0,0.567632257938385,0.21510548889636993,0.21726222336292267,0.567632257938385
20120824185000.0,2.0,0.5649645924568176,0.2156420201063156,0.21939334273338318,0.5649645924568176
20120824185100.0,2.0,0.567632257938385,0.21510548889636993,0.21726222336292267,0.567632257938385
20120824185200.0,2.0,0.5649645924568176,0.2156420201063156,0.21939334273338318,0.5649645924568176
20120824185300.0,2.0,0.567632257938385,0.21510548889636993,0.21726222336292267,0.567632257938385
20120824185400.0,2.0,0.5649645924568176,0.2156420201063156,0.21939334273338318,0.5649645924568176
20120824185500.0,2.0,0.567632257938385,0.21510548889636993,0.21726222336292267,0.567632257938385
20120824185600.0,2.0,0.5649645924568176,0.2156420201063156,0.21939334273338318,0.5649645924568176
20120824185700.0,2.0,0.567632257938385,0.21510548889636993,0.21726222336292267,0.567632257938385
20120824185800.0,2.0,0.5649645924568176,0.2156420201063156,0.21939334273338318,0.5649645924568176
20120824185900.0,2.0,0.567632257938385,0.21510548889636993,0.21726222336292267,0.567632257938385
20120824190000.0,2.0,0.5649645924568176,0.2156420201063156,0.21939334273338318,0.5649645924568176
20120824190100.0,2.0,0.567632257938385,0.21510548889636993,0.21726222336292267,0.567632257938385
20120824190200.0,2.0,0.5649645924568176,0.2156420201063156,0.21939334273338318,0.5649645924568176
20120824190300.0,2.0,0.567632257938385,0.21510548889636993,0.21726222336292267,0.567632257938385
20120824190400.0,2.0,0.5649645924568176,0.2156420201063156,0.21939334273338318,0.5649645924568176
20120824190500.0,2.0,0.567632257938385,0.21510548889636993,0.21726222336292267,0.567632257938385
20120824190600.0,2.0,0.5649645924568176,0.2156420201063156,0.21939334273338318,0.5649645924568176
20120824190700.0,2.0,0.567632257938385,0.21510548889636993,0.21726222336292267,0.567632257938385
20120824190800.0,2.0,0.5649645924568176,0.2156420201063156,0.21939334273338318,0.5649645924568176
20120824190900.0,2.0,0.567632257938385,0.21510548889636993,0.21726222336292267,0.567632257938385
20120824191000.0,2.0,0.5649645924568176,0.2156420201063156,0.21939334273338318,0.5649645924568176
20120824191100.0,2.0,0.567632257938385,0.21510548889636993,0.21726222336292267,0.567632257938385
20120824191200.0,2.0,0.5649645924568176,0.2156420201063156,0.21939334273338318,0.5649645924568176
20120824191300.0,2.0,0.567632257938385,0.21510548889636993,0.21726222336292267,0.567632257938385
20120824191400.0,2.0,0.5649645924568176,0.2156420201063156,0.21939334273338318,0.5649645924568176
20120824191500.0,2.0,0.567632257938385,0.21510548889636993,0.21726222336292267,0.567632257938385
20120824191600.0,2.0,0.5649645924568176,0.2156420201063156,0.21939334273338318,0.5649645924568176
20120824191700.0,2.0,0.567632257938385,0.21510548889636993,0.21726222336292267,0.567632257938385
20120824191800.0,2.0,0.5649645924568176,0.2156420201063156,0.21939334273338318,0.5649645924568176
20120824191900.0,2.0,0.567632257938385,0.21510548889636993,0.21726222336292267,0.567632257938385
20120824192000.0,2.0,0.5649645924568176,0.2156420201063156,0.21939334273338318,0.5649645924568176
20120824192100.0,2.0,0.567632257938385,0.21510548889636993,0.21726222336292267,0.567632257938385
20120824192200.0,2.0,0.5649645924568176,0.2156420201063156,0.21939334273338318,0.5649645924568176
20120824192300.0,2.0,0.567632257938385,0.21510548889636993,0.21726222336292267,0.567632257938385
20120824192400.0,2.0,0.5649645924568176,0.2156420201063156,0.21939334273338318,0.5649645924568176
20120824192500.0,2.0,0.567632257938385,0.21510548889636993,0.21726222336292267,0.567632257938385
20120824192600.0,2.0,0.5649645924568176,0.2156420201063156,0.21939334273338318,0.5649645924568176
20120824192700.0,2.0,0.567632257938385,0.21510548889636993,0.21726222336292267,0.567632257938385
20120824192800.0,2.0,0.5649645924568176,0.2156420201063156,0.21939334273338318,0.5649645924568176
20120824192900.0,2.0,0.567632257938385,0.21510548889636993,0.21726222336292267,0.567632257938385
20120824193000.0,2.0,0.5649645924568176,0.2156420201063156,0.21939334273338318,0.5649645924568176
20120824193100.0,2.0,0.567632257938385,0.21510548889636993,0.21726222336292267,0.567632257938385
20120824193200.0,2.0,0.5649645924568176,0.2156420201063156,0.21939334273338318,0.5649645924568176
20120824193300.0,2.0,0.567632257938385,0.21510548889636993,0.21726222336292267,0.567632257938385
20120824193400.0,2.0,0.5649645924568176,0.2156420201063156,0.21939334273338318,0.5649645924568176
20120824193500.0,2.0,0.567632257938385,0.21510548889636993,0.21726222336292267,0.567632257938385
20120824193600.0,2.0,0.5649645924568176,0.2156420201063156,0.21939334273338318,0.5649645924568176
20120824193700.0,2.0,0.567632257938385,0.21510548889636993,0.21726222336292267,0.567632257938385
20120824193800.0,2.0,0.5649645924568176,0.2156420201063156,0.21939334273338318,0.5649645924568176
20120824193900.0,2.0,0.567632257938385,0.21510548889636993,0.21726222336292267,0.567632257938385
20120824194000.0,2.0,0.5649645924568176,0.2156420201063156,0.21939334273338318,0.5649645924568176
20120824194100.0,2.0,0.567632257938385,0.21510548889636993,0.21726222336292267,0.567632257938385
20120824194200.0,2.0,0.5649645924568176,0.2156420201063156,0.21939334273338318,0.5649645924568176
20120824194300.0,2.0,0.567632257938385,0.21510548889636993,0.21726222336292267,0.567632257938385
20120824194400.0,2.0,0.5649645924568176,0.2156420201063156,0.21939334273338318,0.5649645924568176
20120824194500.0,2.0,0.567632257938385,0.21510548889636993,0.21726222336292267,0.567632257938385
20120824194600.0,2.0,0.5649645924568176,0.2156420201063156,0.21939334273338318,0.5649645924568176
20120824194700.0,2.0,0.567632257938385,0.21510548889636993,0.21726222336292267,0.567632257938385
20120824194800.0,2.0,0.5649645924568176,0.2156420201063156,0.21939334273338318,0.5649645924568176
20120824194900.0,2.0,0.567632257938385,0.21510548889636993,0.21726222336292267,0.567632257938385
20120824195000.0,2.0,0.5649645924568176,0.2156420201063156,0.21939334273338318,0.5649645924568176
20120824195100.0,2.0,0.567632257938385,0.21510548889636993,0.21726222336292267,0.567632257938385
20120824195200.0,2.0,0.5649645924568176,0.2156420201063156,0.21939334273338318,0.5649645924568176
20120824195300.0,2.0,0.567632257938385,0.21510548889636993,0.21726222336292267,0.567632257938385
20120824195400.0,2.0,0.5649645924568176,0.2156420201063156,0.21939334273338318,0.5649645924568176
20120824195500.0,2.0,0.567632257938385,0.21510548889636993,0.21726222336292267,0.567632257938385
20120824195600.0,2.0,0.5649645924568176,0.2156420201063156,0.21939334273338318,0.5649645924568176
20120824195700.0,2.0,0.567632257938385,0.21510548889636993,0.21726222336292267,0.567632257938385
20120824195800.0,2.0,0.5649645924568176,0.2156420201063156,0.21939334273338318,0.5649645924568176
20120824195900.0,2.0,0.567632257938385,0.21510548889636993,0.21726222336292267,0.567632257938385
20120824200000.0,2.0,0.5649645924568176,0.2156420201063156,0.21939334273338318,0.5649645924568176
20120824200100.0,2.0,0.567632257938385,0.21510548889636993,0.21726222336292267,0.567632257938385
20120824200200.0,2.0,0.5649645924568176,0.2156420201063156,0.21939334273338318,0.5649645924568176
20120824200300.0,2.0,0.567632257938385,0.21510548889636993,0.21726222336292267,0.567632257938385
20120824200400.0,2.0,0.5649645924568176,0.2156420201063156,0.21939334273338318,0.5649645924568176
20120824200500.0,2.0,0.567632257938385,0.21510548889636993,0.21726222336292267,0.567632257938385
20120824200600.0,2.0,0.5649645924568176,0.2156420201063156,0.21939334273338318,0.5649645924568176
20120824200700.0,2.0,0.567632257938385,0.21510548889636993,0.21726222336292267,0.567632257938385
20120824200800.0,2.0,0.5649645924568176,0.2156420201063156,0.21939334273338318,0.5649645924568176
20120824200900.0,2.0,0.567632257938385,0.21510548889636993,0.21726222336292267,0.567632257938385
20120824201000.0,2.0,0.5649645924568176,0.2156420201063156,0.21939334273338318,0.5649645924568176
20120824201100.0,2.0,0.567632257938385,0.21510548889636993,0.21726222336292267,0.567632257938385
20120824201200.0,2.0,0.5649645924568176,0.2156420201063156,0.21939334273338318,0.5649645924568176
20120824201300.0,2.0,0.567632257938385,0.21510548889636993,0.21726222336292267,0.567632257938385
20120824201400.0,2.0,0.5649645924568176,0.2156420201063156,0.21939334273338318,0.5649645924568176
20120824201500.0,2.0,0.567632257938385,0.21510548889636993,0.21726222336292267,0.567632257938385
20120824201600.0,2.0,0.5649645924568176,0.2156420201063156,0.21939334273338318,0.5649645924568176
20120824201700.0,2.0,0.567632257938385,0.21510548889636993,0.21726222336292267,0.567632257938385
20120824201800.0,2.0,0.5649645924568176,0.2156420201063156,0.21939334273338318,0.5649645924568176
20120824201900.0,2.0,0.567632257938385,0.21510548889636993,0.21726222336292267,0.567632257938385
20120824202000.0,2.0,0.5649645924568176,0.2156420201063156,0.21939334273338318,0.5649645924568176
20120824202100.0,2.0,0.567632257938385,0.21510548889636993,0.21726222336292267,0.567632257938385
20120824202200.0,2.0,0.5649645924568176,0.2156420201063156,0.21939334273338318,0.5649645924568176
20120824202300.0,2.0,0.567632257938385,0.21510548889636993,0.21726222336292267,0.567632257938385
20120824202400.0,2.0,0.5649645924568176,0.2156420201063156,0.21939334273338318,0.5649645924568176
20120824202500.0,2.0,0.567632257938385,0.21510548889636993,0.21726222336292267,0.567632257938385
20120824202600.0,2.0,0.5649645924568176,0.2156420201063156,0.21939334273338318,0.5649645924568176
20120824202700.0,2.0,0.567632257938385,0.21510548889636993,0.21726222336292267,0.567632257938385
20120824202800.0,2.0,0.5649645924568176,0.2156420201063156,0.21939334273338318,0.5649645924568176
20120824202900.0,2.0,0.567632257938385,0.21510548889636993,0.21726222336292267,0.567632257938385
20120824203000.0,2.0,0.5649645924568176,0.2156420201063156,0.21939334273338318,0.5649645924568176
20120824203100.0,2.0,0.567632257938385,0.21510548889636993,0.21726222336292267,0.567632257938385
20120824203200.0,2.0,0.5649645924568176,0.2156420201063156,0.21939334273338318,0.5649645924568176
20120824203300.0,2.0,0.567632257938385,0.21510548889636993,0.21726222336292267,0.567632257938385
20120824203400.0,2.0,0.5649645924568176,0.2156420201063156,0.21939334273338318,0.5649645924568176
20120824203500.0,2.0,0.567632257938385,0.21510548889636993,0.21726222336292267,0.567632257938385
20120824203600.0,2.0,0.5649645924568176,0.2156420201063156,0.21939334273338318,0.5649645924568176
20120824203700.0,2.0,0.567632257938385,0.21510548889636993,0.21726222336292267,0.567632257938385
20120824203800.0,2.0,0.5649645924568176,0.2156420201063156,0.21939334273338318,0.5649645924568176
20120824203900.0,2.0,0.567632257938385,0.21510548889636993,0.21726222336292267,0.567632257938385
20120824204000.0,2.0,0.5649645924568176,0.2156420201063156,0.21939334273338318,0.5649645924568176
20120824204100.0,2.0,0.567632257938385,0.21510548889636993,0.21726222336292267,0.567632257938385
20120824204200.0,2.0,0.5649645924568176,0.2156420201063156,0.21939334273338318,0.5649645924568176
20120824204300.0,2.0,0.567632257938385,0.21510548889636993,0.21726222336292267,0.567632257938385
20120824204400.0,2.0,0.5649645924568176,0.2156420201063156,0.21939334273338318,0.5649645924568176
20120824204500.0,2.0,0.567632257938385,0.21510548889636993,0.21726222336292267,0.567632257938385
20120824204600.0,2.0,0.5649645924568176,0.2156420201063156,0.21939334273338318,0.5649645924568176
20120824204700.0,2.0,0.567632257938385,0.21510548889636993,0.21726222336292267,0.567632257938385
20120824204800.0,2.0,0.5649645924568176,0.2156420201063156,0.21939334273338318,0.5649645924568176
20120824204900.0,2.0,0.567632257938385,0.21510548889636993,0.21726222336292267,0.567632257938385
20120824205000.0,2.0,0.5649645924568176,0.2156420201063156,0.21939334273338318,0.5649645924568176
20120824205100.0,2.0,0.567632257938385,0.21510548889636993,0.21726222336292267,0.567632257938385
20120824205200.0,2.0,0.5649645924568176,0.2156420201063156,0.21939334273338318,0.5649645924568176
20120824205300.0,2.0,0.567632257938385,0.21510548889636993,0.21726222336292267,0.567632257938385
20120824205400.0,2.0,0.5649645924568176,0.2156420201063156,0.21939334273338318,0.5649645924568176
20120824205500.0,2.0,0.567632257938385,0.21510548889636993,0.21726222336292267,0.567632257938385
20120824205600.0,2.0,0.5649645924568176,0.2156420201063156,0.21939334273338318,0.5649645924568176
20120824205700.0,2.0,0.567632257938385,0.21510548889636993,0.21726222336292267,0.567632257938385
20120824205800.0,2.0,0.5649645924568176,0.2156420201063156,0.21939334273338318,0.5649645924568176
20120824205900.0,2.0,0.567632257938385,0.21510548889636993,0.21726222336292267,0.567632257938385
20120824210000.0,2.0,0.5649645924568176,0.2156420201063156,0.21939334273338318,0.5649645924568176
20120824210100.0,2.0,0.567632257938385,0.21510548889636993,0.21726222336292267,0.567632257938385
20120824210200.0,2.0,0.5649645924568176,0.2156420201063156,0.21939334273338318,0.5649645924568176
20120824210300.0,2.0,0.567632257938385,0.21510548889636993,0.21726222336292267,0.567632257938385
20120824210400.0,2.0,0.5649645924568176,0.2156420201063156,0.21939334273338318,0.5649645924568176
20120824210500.0,2.0,0.567632257938385,0.21510548889636993,0.21726222336292267,0.567632257938385
20120824210600.0,2.0,0.5649645924568176,0.2156420201063156,0.21939334273338318,0.5649645924568176
20120824210700.0,2.0,0.567632257938385,0.21510548889636993,0.21726222336292267,0.567632257938385
20120824210800.0,2.0,0.5649645924568176,0.2156420201063156,0.21939334273338318,0.5649645924568176
20120824210900.0,2.0,0.567632257938385,0.21510548889636993,0.21726222336292267,0.567632257938385
20120824211000.0,2.0,0.5649645924568176,0.2156420201063156,0.21939334273338318,0.5649645924568176
20120824211100.0,2.0,0.567632257938385,0.21510548889636993,0.21726222336292267,0.567632257938385
20120824211200.0,2.0,0.5649645924568176,0.2156420201063156,0.21939334273338318,0.5649645924568176
20120824211300.0,2.0,0.567632257938385,0.21510548889636993,0.21726222336292267,0.567632257938385
20120824211400.0,2.0,0.5649645924568176,0.2156420201063156,0.21939334273338318,0.5649645924568176
20120824211500.0,2.0,0.567632257938385,0.21510548889636993,0.21726222336292267,0.567632257938385
20120824211600.0,2.0,0.5649645924568176,0.2156420201063156,0.21939334273338318,0.5649645924568176
20120824211700.0,2.0,0.567632257938385,0.21510548889636993,0.21726222336292267,0.567632257938385
20120824211800.0,2.0,0.5649645924568176,0.2156420201063156,0.21939334273338318,0.5649645924568176
20120824211900.0,2.0,0.567632257938385,0.21510548889636993,0.21726222336292267,0.567632257938385
20120824212000.0,2.0,0.5649645924568176,0.2156420201063156,0.21939334273338318,0.5649645924568176
20120824212100.0,2.0,0.567632257938385,0.21510548889636993,0.21726222336292267,0.567632257938385
20120824212200.0,2.0,0.5649645924568176,0.2156420201063156,0.21939334273338318,0.5649645924568176
20120824212300.0,2.0,0.567632257938385,0.21510548889636993,0.21726222336292267,0.567632257938385
20120824212400.0,2.0,0.5649645924568176,0.2156420201063156,0.21939334273338318,0.5649645924568176
20120824212500.0,2.0,0.567632257938385,0.21510548889636993,0.21726222336292267,0.567632257938385
20120824212600.0,2.0,0.5649645924568176,0.2156420201063156,0.21939334273338318,0.5649645924568176
20120824212700.0,2.0,0.567632257938385,0.21510548889636993,0.21726222336292267,0.567632257938385
20120824212800.0,2.0,0.5649645924568176,0.2156420201063156,0.21939334273338318,0.5649645924568176
20120824212900.0,2.0,0.567632257938385,0.21510548889636993,0.21726222336292267,0.567632257938385
20120824213000.0,2.0,0.5649645924568176,0.2156420201063156,0.21939334273338318,0.5649645924568176
20120824213100.0,2.0,0.567632257938385,0.21510548889636993,0.21726222336292267,0.567632257938385
20120824213200.0,2.0,0.5649645924568176,0.2156420201063156,0.21939334273338318,0.5649645924568176
20120824213300.0,2.0,0.567632257938385,0.21510548889636993,0.21726222336292267,0.567632257938385
20120824213400.0,2.0,0.5649645924568176,0.2156420201063156,0.21939334273338318,0.5649645924568176
20120824213500.0,2.0,0.567632257938385,0.21510548889636993,0.21726222336292267,0.567632257938385
20120824213600.0,2.0,0.5649645924568176,0.2156420201063156,0.21939334273338318,0.5649645924568176
20120824213700.0,2.0,0.567632257938385,0.21510548889636993,0.21726222336292267,0.567632257938385
20120824213800.0,2.0,0.5649645924568176,0.2156420201063156,0.21939334273338318,0.5649645924568176
20120824213900.0,2.0,0.567632257938385,0.21510548889636993,0.21726222336292267,0.567632257938385
20120824214000.0,2.0,0.5649645924568176,0.2156420201063156,0.21939334273338318,0.5649645924568176
20120824214100.0,2.0,0.567632257938385,0.21510548889636993,0.21726222336292267,0.567632257938385
20120824214200.0,2.0,0.5649645924568176,0.2156420201063156,0.21939334273338318,0.5649645924568176
20120824214300.0,2.0,0.567632257938385,0.21510548889636993,0.21726222336292267,0.567632257938385
20120824214400.0,2.0,0.5649645924568176,0.2156420201063156,0.21939334273338318,0.5649645924568176
20120824214500.0,2.0,0.567632257938385,0.21510548889636993,0.21726222336292267,0.567632257938385
20120824214600.0,2.0,0.5649645924568176,0.2156420201063156,0.21939334273338318,0.5649645924568176
20120824214700.0,2.0,0.567632257938385,0.21510548889636993,0.21726222336292267,0.567632257938385
20120824214800.0,2.0,0.5649645924568176,0.2156420201063156,0.21939334273338318,0.5649645924568176
20120824214900.0,2.0,0.567632257938385,0.21510548889636993,0.21726222336292267,0.567632257938385
20120824215000.0,2.0,0.5649645924568176,0.2156420201063156,0.21939334273338318,0.5649645924568176
20120824215100.0,2.0,0.567632257938385,0.21510548889636993,0.21726222336292267,0.567632257938385
20120824215200.0,2.0,0.5649645924568176,0.2156420201063156,0.21939334273338318,0.5649645924568176
20120824215300.0,2.0,0.567632257938385,0.21510548889636993,0.21726222336292267,0.567632257938385
20120824215400.0,2.0,0.5649645924568176,0.2156420201063156,0.21939334273338318,0.5649645924568176
20120824215500.0,2.0,0.567632257938385,0.21510548889636993,0.21726222336292267,0.567632257938385
20120824215600.0,2.0,0.5649645924568176,0.2156420201063156,0.21939334273338318,0.5649645924568176
20120824215700.0,2.0,0.567632257938385,0.21510548889636993,0.21726222336292267,0.567632257938385
20120824215800.0,2.0,0.5649645924568176,0.2156420201063156,0.21939334273338318,0.5649645924568176
20120824215900.0,2.0,0.567632257938385,0.21510548889636993,0.21726222336292267,0.567632257938385
20120824220000.0,2.0,0.5649645924568176,0.2156420201063156,0.21939334273338318,0.5649645924568176
20120824220100.0,2.0,0.567632257938385,0.21510548889636993,0.21726222336292267,0.567632257938385
20120824220200.0,2.0,0.5649645924568176,0.2156420201063156,0.21939334273338318,0.5649645924568176
20120824220300.0,2.0,0.567632257938385,0.21510548889636993,0.21726222336292267,0.567632257938385
20120824220400.0,2.0,0.5649645924568176,0.2156420201063156,0.21939334273338318,0.5649645924568176
20120824220500.0,2.0,0.567632257938385,0.21510548889636993,0.21726222336292267,0.567632257938385
20120824220600.0,2.0,0.5649645924568176,0.2156420201063156,0.21939334273338318,0.5649645924568176
20120824220700.0,2.0,0.567632257938385,0.21510548889636993,0.21726222336292267,0.567632257938385
20120824220800.0,2.0,0.5649645924568176,0.2156420201063156,0.21939334273338318,0.5649645924568176
20120824220900.0,2.0,0.567632257938385,0.21510548889636993,0.21726222336292267,0.567632257938385
20120824221000.0,2.0,0.5649645924568176,0.2156420201063156,0.21939334273338318,0.5649645924568176
20120824221100.0,2.0,0.567632257938385,0.21510548889636993,0.21726222336292267,0.567632257938385
20120824221200.0,2.0,0.5649645924568176,0.2156420201063156,0.21939334273338318,0.5649645924568176
20120824221300.0,2.0,0.567632257938385,0.21510548889636993,0.21726222336292267,0.567632257938385
20120824221400.0,2.0,0.5649645924568176,0.2156420201063156,0.21939334273338318,0.5649645924568176
20120824221500.0,2.0,0.567632257938385,0.21510548889636993,0.21726222336292267,0.567632257938385
20120824221600.0,2.0,0.5649645924568176,0.2156420201063156,0.21939334273338318,0.5649645924568176
20120824221700.0,2.0,0.567632257938385,0.21510548889636993,0.21726222336292267,0.567632257938385
20120824221800.0,2.0,0.5649645924568176,0.2156420201063156,0.21939334273338318,0.5649645924568176
20120824221900.0,2.0,0.567632257938385,0.21510548889636993,0.21726222336292267,0.567632257938385
20120824222000.0,2.0,0.5649645924568176,0.2156420201063156,0.21939334273338318,0.5649645924568176
20120824222100.0,2.0,0.567632257938385,0.21510548889636993,0.21726222336292267,0.567632257938385
20120824222200.0,2.0,0.5649645924568176,0.2156420201063156,0.21939334273338318,0.5649645924568176
20120824222300.0,2.0,0.567632257938385,0.21510548889636993,0.21726222336292267,0.567632257938385
20120824222400.0,2.0,0.5649645924568176,0.2156420201063156,0.21939334273338318,0.5649645924568176
20120824222500.0,2.0,0.567632257938385,0.21510548889636993,0.21726222336292267,0.567632257938385
20120824222600.0,2.0,0.5649645924568176,0.2156420201063156,0.21939334273338318,0.5649645924568176
20120824222700.0,2.0,0.567632257938385,0.21510548889636993,0.21726222336292267,0.567632257938385
20120824222800.0,2.0,0.5649645924568176,0.2156420201063156,0.21939334273338318,0.5649645924568176
20120824222900.0,2.0,0.567632257938385,0.21510548889636993,0.21726222336292267,0.567632257938385
20120824223000.0,2.0,0.5649645924568176,0.2156420201063156,0.21939334273338318,0.5649645924568176
20120824223100.0,2.0,0.567632257938385,0.21510548889636993,0.21726222336292267,0.567632257938385
20120824223200.0,2.0,0.5649645924568176,0.2156420201063156,0.21939334273338318,0.5649645924568176
20120824223300.0,2.0,0.567632257938385,0.21510548889636993,0.21726222336292267,0.567632257938385
20120824223400.0,2.0,0.5649645924568176,0.2156420201063156,0.21939334273338318,0.5649645924568176
20120824223500.0,2.0,0.567632257938385,0.21510548889636993,0.21726222336292267,0.567632257938385
20120824223600.0,2.0,0.5649645924568176,0.2156420201063156,0.21939334273338318,0.5649645924568176
20120824223700.0,2.0,0.567632257938385,0.21510548889636993,0.21726222336292267,0.567632257938385
20120824223800.0,2.0,0.5649645924568176,0.2156420201063156,0.21939334273338318,0.5649645924568176
20120824223900.0,2.0,0.567632257938385,0.21510548889636993,0.21726222336292267,0.567632257938385
20120824224000.0,2.0,0.5649645924568176,0.2156420201063156,0.21939334273338318,0.5649645924568176
20120824224100.0,2.0,0.567632257938385,0.21510548889636993,0.21726222336292267,0.567632257938385
20120824224200.0,2.0,0.5649645924568176,0.2156420201063156,0.21939334273338318,0.5649645924568176
20120824224300.0,2.0,0.567632257938385,0.21510548889636993,0.21726222336292267,0.567632257938385
20120824224400.0,2.0,0.5649645924568176,0.2156420201063156,0.21939334273338318,0.5649645924568176
20120824224500.0,2.0,0.567632257938385,0.21510548889636993,0.21726222336292267,0.567632257938385
20120824224600.0,2.0,0.5649645924568176,0.2156420201063156,0.21939334273338318,0.5649645924568176
20120824224700.0,2.0,0.567632257938385,0.21510548889636993,0.21726222336292267,0.567632257938385
20120824224800.0,2.0,0.5649645924568176,0.2156420201063156,0.21939334273338318,0.5649645924568176
20120824224900.0,2.0,0.567632257938385,0.21510548889636993,0.21726222336292267,0.567632257938385
20120824225000.0,2.0,0.5649645924568176,0.2156420201063156,0.21939334273338318,0.5649645924568176
20120824225100.0,2.0,0.567632257938385,0.21510548889636993,0.21726222336292267,0.567632257938385
20120824225200.0,2.0,0.5649645924568176,0.2156420201063156,0.21939334273338318,0.5649645924568176
20120824225300.0,2.0,0.567632257938385,0.21510548889636993,0.21726222336292267,0.567632257938385
20120824225400.0,2.0,0.5649645924568176,0.2156420201063156,0.21939334273338318,0.5649645924568176
20120824225500.0,2.0,0.567632257938385,0.21510548889636993,0.21726222336292267,0.567632257938385
20120824225600.0,2.0,0.5649645924568176,0.2156420201063156,0.21939334273338318,0.5649645924568176
20120824225700.0,2.0,0.567632257938385,0.21510548889636993,0.21726222336292267,0.567632257938385
20120824225800.0,2.0,0.5649645924568176,0.2156420201063156,0.21939334273338318,0.5649645924568176
20120824225900.0,2.0,0.567632257938385,0.21510548889636993,0.21726222336292267,0.567632257938385
20120824230000.0,2.0,0.5649645924568176,0.2156420201063156,0.21939334273338318,0.5649645924568176
20120824230100.0,2.0,0.567632257938385,0.21510548889636993,0.21726222336292267,0.567632257938385
20120824230200.0,2.0,0.5649645924568176,0.2156420201063156,0.21939334273338318,0.5649645924568176
20120824230300.0,2.0,0.567632257938385,0.21510548889636993,0.21726222336292267,0.567632257938385
