20160822055400.0,2.0,0.5760855078697205,0.2119612991809845,0.21195320785045624,0.5760855078697205
20160822055500.0,2.0,0.5760794281959534,0.21196524798870087,0.21195532381534576,0.5760794281959534
20160822055600.0,2.0,0.5760705471038818,0.21196959912776947,0.2119598537683487,0.5760705471038818
20160822055700.0,2.0,0.5760663151741028,0.2119700014591217,0.2119636982679367,0.5760663151741028
20160822055800.0,2.0,0.5760233998298645,0.21199046075344086,0.21198616921901703,0.5760233998298645
20160822055900.0,2.0,0.5759965181350708,0.2120206654071808,0.21198280155658722,0.5759965181350708
20160822060000.0,2.0,0.5759508609771729,0.2120470106601715,0.21200211346149445,0.5759508609771729
20160822060100.0,2.0,0.5759380459785461,0.21205668151378632,0.21200525760650635,0.5759380459785461
20160822060200.0,2.0,0.5759034752845764,0.21207351982593536,0.2120230346918106,0.5759034752845764
20160822060300.0,2.0,0.575190007686615,0.21258388459682465,0.21222606301307678,0.575190007686615
20160822060400.0,2.0,0.575049877166748,0.21267622709274292,0.21227391064167023,0.575049877166748
20160822060500.0,2.0,0.5724989175796509,0.21445661783218384,0.2130444198846817,0.5724989175796509
20160822060600.0,2.0,0.575111985206604,0.21260155737400055,0.21228642761707306,0.575111985206604
20160822060700.0,2.0,0.5724581480026245,0.21459835767745972,0.21294346451759338,0.5724581480026245
20160822060800.0,2.0,0.5681135058403015,0.2178671658039093,0.21401938796043396,0.5681135058403015
20160822060900.0,2.0,0.5737210512161255,0.21364718675613403,0.2126317322254181,0.5737210512161255
20160822061000.0,2.0,0.574364185333252,0.21291762590408325,0.2127181589603424,0.574364185333252
20160822061100.0,2.0,0.5746709704399109,0.21274827420711517,0.21258078515529633,0.5746709704399109
20160822061200.0,2.0,0.5677305459976196,0.21721850335597992,0.21505093574523926,0.5677305459976196
20160822061300.0,2.0,0.570620596408844,0.21538010239601135,0.21399928629398346,0.570620596408844
20160822061400.0,2.0,0.5720217823982239,0.21470296382904053,0.2132752239704132,0.5720217823982239
20160822061500.0,2.0,0.5732884407043457,0.21387211978435516,0.21283939480781555,0.5732884407043457
20160822061600.0,2.0,0.5748687386512756,0.2125740796327591,0.21255716681480408,0.5748687386512756
20160822061700.0,2.0,0.5749244689941406,0.2126452475786209,0.21243029832839966,0.5749244689941406
20160822061800.0,2.0,0.5760117769241333,0.21199385821819305,0.21199439465999603,0.5760117769241333
20160822061900.0,2.0,0.5760928392410278,0.2119540423154831,0.21195313334465027,0.5760928392410278
20160822062000.0,2.0,0.5760830044746399,0.2119574397802353,0.21195955574512482,0.5760830044746399
20160822062100.0,2.0,0.5760315656661987,0.2119850367307663,0.21198344230651855,0.5760315656661987
20160822062200.0,2.0,0.5760603547096252,0.21196888387203217,0.21197068691253662,0.5760603547096252
20160822062300.0,2.0,0.5759347081184387,0.21203795075416565,0.21202726662158966,0.5759347081184387
20160822062400.0,2.0,0.5755617022514343,0.2122027426958084,0.21223554015159607,0.5755617022514343
20160822062500.0,2.0,0.5759289860725403,0.21202720701694489,0.21204383671283722,0.5759289860725403
20160822062600.0,2.0,0.5742247104644775,0.21315956115722656,0.2126157134771347,0.5742247104644775
20160822062700.0,2.0,0.5756767988204956,0.21214327216148376,0.21217994391918182,0.5756767988204956
20160822062800.0,2.0,0.5755802989006042,0.21220125257968903,0.21221846342086792,0.5755802989006042
20160822062900.0,2.0,0.5752468109130859,0.21229654550552368,0.2124565988779068,0.5752468109130859
20160822063000.0,2.0,0.5700012445449829,0.21432512998580933,0.21567359566688538,0.5700012445449829
20160822063100.0,2.0,0.5705773234367371,0.2148495465517044,0.21457314491271973,0.5705773234367371
20160822063200.0,2.0,0.49461600184440613,0.27370426058769226,0.2316797375679016,0.49461600184440613
20160822063300.0,0.0,0.43279188871383667,0.43279188871383667,0.24431227147579193,0.3228957951068878
20160822063400.0,2.0,0.37219908833503723,0.36085963249206543,0.26694127917289734,0.37219908833503723
20160822063500.0,2.0,0.4730740785598755,0.282692551612854,0.24423332512378693,0.4730740785598755
20160822063600.0,2.0,0.39162278175354004,0.33964115381240845,0.2687360346317291,0.39162278175354004
20160822063700.0,2.0,0.4584846794605255,0.30231714248657227,0.23919816315174103,0.4584846794605255
20160822063800.0,2.0,0.5126768350601196,0.25249332189559937,0.23482979834079742,0.5126768350601196
20160822063900.0,2.0,0.4926140308380127,0.27044379711151123,0.23694217205047607,0.4926140308380127
20160822064000.0,2.0,0.5197394490242004,0.25225427746772766,0.2280062884092331,0.5197394490242004
20160822064100.0,2.0,0.510172963142395,0.24174652993679047,0.24808044731616974,0.510172963142395
20160822064200.0,2.0,0.5682034492492676,0.21489091217517853,0.2169056534767151,0.5682034492492676
20160822064300.0,2.0,0.5710299611091614,0.2134622037410736,0.21550783514976501,0.5710299611091614
20160822064400.0,2.0,0.5622227787971497,0.21549300849437714,0.22228416800498962,0.5622227787971497
20160822064500.0,2.0,0.5712066292762756,0.21340838074684143,0.21538500487804413,0.5712066292762756
20160822064600.0,2.0,0.5744946002960205,0.21254457533359528,0.21296077966690063,0.5744946002960205
20160822064700.0,2.0,0.573990523815155,0.21310007572174072,0.21290940046310425,0.573990523815155
20160822064800.0,2.0,0.568124532699585,0.21527643501758575,0.21659903228282928,0.568124532699585
20160822064900.0,2.0,0.5526727437973022,0.21979013085365295,0.2275371551513672,0.5526727437973022
20160822065000.0,2.0,0.45265451073646545,0.2419891059398651,0.30535632371902466,0.45265451073646545
20160822065100.0,1.0,0.5272069573402405,0.22564978897571564,0.5272069573402405,0.24714326858520508
20160822065200.0,1.0,0.5428751111030579,0.2248201221227646,0.5428751111030579,0.23230476677417755
20160822065300.0,1.0,0.5345697999000549,0.22336171567440033,0.5345697999000549,0.24206851422786713
20160822065400.0,1.0,0.5532600283622742,0.21919280290603638,0.5532600283622742,0.22754710912704468
20160822065500.0,1.0,0.5445516109466553,0.22001104056835175,0.5445516109466553,0.23543739318847656
20160822065600.0,1.0,0.56783527135849,0.2150251716375351,0.56783527135849,0.2171396017074585
20160822065700.0,1.0,0.5662185549736023,0.2153209000825882,0.5662185549736023,0.21846048533916473
20160822065800.0,1.0,0.5565436482429504,0.21813073754310608,0.5565436482429504,0.22532562911510468
20160822065900.0,1.0,0.5703142881393433,0.21387656033039093,0.5703142881393433,0.21580912172794342
20160822070000.0,1.0,0.5725146532058716,0.21307119727134705,0.5725146532058716,0.21441417932510376
20160822070100.0,1.0,0.5740107297897339,0.2129281908273697,0.5740107297897339,0.21306104958057404
20160822070200.0,1.0,0.5725842714309692,0.21328957378864288,0.5725842714309692,0.21412616968154907
20160822070300.0,1.0,0.5661665797233582,0.21438220143318176,0.5661665797233582,0.2194512039422989
20160822070400.0,1.0,0.5734199285507202,0.21271558105945587,0.5734199285507202,0.2138644903898239
20160822070500.0,1.0,0.571613073348999,0.2131480574607849,0.571613073348999,0.21523885428905487
20160822070600.0,1.0,0.5562759637832642,0.21652263402938843,0.5562759637832642,0.2272014021873474
20160822070700.0,1.0,0.47892850637435913,0.22891438007354736,0.47892850637435913,0.2921571433544159
20160822070800.0,1.0,0.5651001930236816,0.2149190455675125,0.5651001930236816,0.21998077630996704
20160822070900.0,1.0,0.560135006904602,0.21601778268814087,0.560135006904602,0.22384724020957947
20160822071000.0,1.0,0.5727808475494385,0.21290209889411926,0.5727808475494385,0.21431706845760345
20160822071100.0,1.0,0.569002628326416,0.21394364535808563,0.569002628326416,0.21705371141433716
20160822071200.0,1.0,0.5673829317092896,0.21423590183258057,0.5673829317092896,0.2183811068534851
20160822071300.0,1.0,0.5746074318885803,0.2124406099319458,0.5746074318885803,0.2129518687725067
20160822071400.0,1.0,0.575118899345398,0.2124577909708023,0.575118899345398,0.2124233990907669
20160822071500.0,1.0,0.5733259916305542,0.2134099304676056,0.5733259916305542,0.21326415240764618
20160822071600.0,1.0,0.5720950365066528,0.21340011060237885,0.5720950365066528,0.21450485289096832
20160822071700.0,1.0,0.5666559338569641,0.21497811377048492,0.5666559338569641,0.21836595237255096
20160822071800.0,1.0,0.5589179992675781,0.21687017381191254,0.5589179992675781,0.22421181201934814
20160822071900.0,1.0,0.5548914670944214,0.21745845675468445,0.5548914670944214,0.22765016555786133
20160822072000.0,1.0,0.5612954497337341,0.21623651683330536,0.5612954497337341,0.2224680632352829
20160822072100.0,1.0,0.5265999436378479,0.2250162810087204,0.5265999436378479,0.24838373064994812
20160822072200.0,1.0,0.5600570440292358,0.21636863052845,0.5600570440292358,0.22357434034347534
20160822072300.0,1.0,0.5472028255462646,0.22105464339256287,0.5472028255462646,0.23174254596233368
20160822072400.0,1.0,0.5582729578018188,0.21693339943885803,0.5582729578018188,0.22479358315467834
20160822072500.0,1.0,0.5440480709075928,0.2201530486345291,0.5440480709075928,0.2357988804578781
20160822072600.0,1.0,0.553688645362854,0.21961046755313873,0.553688645362854,0.22670090198516846
20160822072700.0,1.0,0.5540330410003662,0.21785323321819305,0.5540330410003662,0.22811366617679596
20160822072800.0,1.0,0.561519205570221,0.21695223450660706,0.561519205570221,0.2215285748243332
20160822072900.0,1.0,0.5729364156723022,0.2129325121641159,0.5729364156723022,0.21413113176822662
20160822073000.0,1.0,0.5735857486724854,0.21274687349796295,0.5735857486724854,0.2136673480272293
20160822073100.0,1.0,0.5744963884353638,0.21255983412265778,0.5744963884353638,0.21294382214546204
20160822073200.0,1.0,0.5746562480926514,0.2125052958726883,0.5746562480926514,0.21283845603466034
20160822073300.0,1.0,0.5748414993286133,0.21264633536338806,0.5748414993286133,0.21251218020915985
20160822073400.0,1.0,0.562720537185669,0.22052273154258728,0.562720537185669,0.21675677597522736
20160822073500.0,1.0,0.5750171542167664,0.21248005330562592,0.5750171542167664,0.2125028371810913
20160822073600.0,1.0,0.5753530263900757,0.21233099699020386,0.5753530263900757,0.2123159021139145
20160822073700.0,1.0,0.5754409432411194,0.2122579663991928,0.5754409432411194,0.2123011350631714
20160822073800.0,1.0,0.5722383260726929,0.21442468464374542,0.5722383260726929,0.21333689987659454
20160822073900.0,1.0,0.573739767074585,0.21305954456329346,0.573739767074585,0.21320071816444397
20160822074000.0,1.0,0.5743665099143982,0.2126593142747879,0.5743665099143982,0.2129741758108139
20160822074100.0,1.0,0.5752947330474854,0.21230661869049072,0.5752947330474854,0.2123987078666687
20160822074200.0,1.0,0.5747329592704773,0.21260109543800354,0.5747329592704773,0.21266590058803558
20160822074300.0,1.0,0.574264645576477,0.21293644607067108,0.574264645576477,0.21279890835285187
20160822074400.0,1.0,0.568938672542572,0.2142309844493866,0.568938672542572,0.21683035790920258
20160822074500.0,1.0,0.548603892326355,0.21989770233631134,0.548603892326355,0.2314983606338501
20160822074600.0,1.0,0.5713913440704346,0.21381743252277374,0.5713913440704346,0.21479126811027527
20160822074700.0,1.0,0.5563011765480042,0.2240423560142517,0.5563011765480042,0.21965642273426056
20160822074800.0,1.0,0.5639263987541199,0.22088117897510529,0.5639263987541199,0.21519248187541962
20160822074900.0,1.0,0.5726481676101685,0.21437261998653412,0.5726481676101685,0.21297918260097504
20160822075000.0,1.0,0.5741943717002869,0.21324482560157776,0.5741943717002869,0.2125607579946518
20160822075100.0,1.0,0.5747508406639099,0.2128438800573349,0.5747508406639099,0.21240529417991638
20160822075200.0,1.0,0.5531424283981323,0.22908484935760498,0.5531424283981323,0.2177727222442627
20160822075300.0,1.0,0.5682859420776367,0.2176240235567093,0.5682859420776367,0.2140900045633316
20160822075400.0,1.0,0.531827449798584,0.2464933544397354,0.531827449798584,0.2216792106628418
20160822075500.0,1.0,0.5616111159324646,0.22260014712810516,0.5616111159324646,0.21578870713710785
20160822075600.0,1.0,0.5554222464561462,0.22652170062065125,0.5554222464561462,0.21805599331855774
20160822075700.0,1.0,0.4547043740749359,0.3097307085990906,0.4547043740749359,0.2355649471282959
20160822075800.0,1.0,0.4933200776576996,0.2754710018634796,0.4933200776576996,0.23120887577533722
20160822075900.0,0.0,0.42726564407348633,0.42726564407348633,0.33815547823905945,0.23457886278629303
20160822080000.0,1.0,0.5536110401153564,0.22744548320770264,0.5536110401153564,0.21894356608390808
20160822080100.0,1.0,0.5632268786430359,0.22091129422187805,0.5632268786430359,0.21586182713508606
20160822080200.0,1.0,0.5649558305740356,0.21677251160144806,0.5649558305740356,0.21827161312103271
20160822080300.0,1.0,0.5704594254493713,0.21510709822177887,0.5704594254493713,0.214433491230011
20160822080400.0,1.0,0.5308166146278381,0.24274559319019318,0.5308166146278381,0.22643783688545227
20160822080500.0,1.0,0.5617538094520569,0.21873386204242706,0.5617538094520569,0.21951229870319366
20160822080600.0,1.0,0.49687355756759644,0.2400408238172531,0.49687355756759644,0.26308557391166687
20160822080700.0,1.0,0.3969535529613495,0.2932739853858948,0.3969535529613495,0.3097724914550781
20160822080800.0,1.0,0.538093626499176,0.22385163605213165,0.538093626499176,0.2380548119544983
20160822080900.0,1.0,0.5517529249191284,0.22169893980026245,0.5517529249191284,0.22654810547828674
20160822081000.0,1.0,0.47247496247291565,0.24941442906856537,0.47247496247291565,0.2781105935573578
20160822081100.0,1.0,0.5052811503410339,0.23356808722019196,0.5052811503410339,0.2611507475376129
20160822081200.0,1.0,0.5601584315299988,0.21736855804920197,0.5601584315299988,0.2224729359149933
20160822081300.0,1.0,0.5590482354164124,0.21755900979042053,0.5590482354164124,0.22339272499084473
20160822081400.0,1.0,0.5641921758651733,0.21635571122169495,0.5641921758651733,0.21945209801197052
20160822081500.0,1.0,0.5226905345916748,0.22675290703773499,0.5226905345916748,0.2505565583705902
20160822081600.0,1.0,0.5685253739356995,0.2144959270954132,0.5685253739356995,0.21697869896888733
20160822081700.0,1.0,0.5530648231506348,0.21823669970035553,0.5530648231506348,0.2286984771490097
20160822081800.0,1.0,0.4927307963371277,0.22999420762062073,0.4927307963371277,0.2772749662399292
20160822081900.0,1.0,0.5284705758094788,0.22719518840312958,0.5284705758094788,0.24433420598506927
20160822082000.0,1.0,0.5218796730041504,0.22600747644901276,0.5218796730041504,0.25211280584335327
20160822082100.0,1.0,0.48947134613990784,0.22971194982528687,0.48947134613990784,0.2808167040348053
20160822082200.0,2.0,0.4086855947971344,0.23629355430603027,0.3550208508968353,0.4086855947971344
20160822082300.0,1.0,0.5021710991859436,0.22809568047523499,0.5021710991859436,0.26973316073417664
20160822082400.0,1.0,0.4381243884563446,0.24014577269554138,0.4381243884563446,0.32172977924346924
20160822082500.0,1.0,0.4062690734863281,0.23839986324310303,0.4062690734863281,0.3553310036659241
20160822082600.0,1.0,0.5319221019744873,0.22712351381778717,0.5319221019744873,0.24095433950424194
20160822082700.0,1.0,0.5468441843986511,0.22390606999397278,0.5468441843986511,0.22924984991550446
20160822082800.0,1.0,0.5496733784675598,0.21908538043498993,0.5496733784675598,0.23124124109745026
20160822082900.0,1.0,0.5438036322593689,0.22080716490745544,0.5438036322593689,0.23538926243782043
20160822083000.0,1.0,0.5680379271507263,0.214849054813385,0.5680379271507263,0.21711306273937225
20160822083100.0,1.0,0.5610716938972473,0.2161933332681656,0.5610716938972473,0.2227349579334259
20160822083200.0,1.0,0.5650851726531982,0.2159658670425415,0.5650851726531982,0.21894899010658264
20160822083300.0,1.0,0.5439965724945068,0.21982599794864655,0.5439965724945068,0.23617738485336304
20160822083400.0,1.0,0.5554621815681458,0.21803927421569824,0.5554621815681458,0.2264985740184784
20160822083500.0,1.0,0.519229531288147,0.22660121321678162,0.519229531288147,0.2541692554950714
20160822083600.0,1.0,0.5418096780776978,0.22068077325820923,0.5418096780776978,0.23750954866409302
20160822083700.0,1.0,0.5421096682548523,0.22067248821258545,0.5421096682548523,0.23721781373023987
20160822083800.0,1.0,0.554811418056488,0.2188635766506195,0.554811418056488,0.22632494568824768
20160822083900.0,1.0,0.567945122718811,0.21622799336910248,0.567945122718811,0.2158268690109253
20160822084000.0,1.0,0.5597183108329773,0.2211068719625473,0.5597183108329773,0.21917478740215302
20160822084100.0,1.0,0.5672510266304016,0.21690014004707336,0.5672510266304016,0.21584881842136383
20160822084200.0,1.0,0.5696648955345154,0.21606987714767456,0.5696648955345154,0.21426528692245483
20160822084300.0,1.0,0.5446376204490662,0.23217667639255524,0.5446376204490662,0.2231857031583786
20160822084400.0,1.0,0.5726538300514221,0.21409790217876434,0.5726538300514221,0.21324825286865234
20160822084500.0,1.0,0.5740103721618652,0.21287398040294647,0.5740103721618652,0.2131156325340271
20160822084600.0,1.0,0.5748384594917297,0.21255312860012054,0.5748384594917297,0.21260839700698853
20160822084700.0,1.0,0.5747295618057251,0.21256299316883087,0.5747295618057251,0.21270747482776642
20160822084800.0,1.0,0.5751512050628662,0.21246805787086487,0.5751512050628662,0.21238073706626892
20160822084900.0,1.0,0.573908269405365,0.21334773302078247,0.573908269405365,0.21274405717849731
20160822085000.0,1.0,0.5720319151878357,0.21476474404335022,0.5720319151878357,0.21320335566997528
20160822085100.0,1.0,0.5595771670341492,0.2235354632139206,0.5595771670341492,0.21688741445541382
20160822085200.0,1.0,0.5699384212493896,0.21549952030181885,0.5699384212493896,0.2145620435476303
20160822085300.0,1.0,0.5569690465927124,0.2213146984577179,0.5569690465927124,0.2217162400484085
20160822085400.0,1.0,0.550104022026062,0.2276877760887146,0.550104022026062,0.222208172082901
20160822085500.0,1.0,0.4817172586917877,0.2803412973880768,0.4817172586917877,0.23794147372245789
20160822085600.0,1.0,0.522735059261322,0.24076922237873077,0.522735059261322,0.2364957332611084
20160822085700.0,1.0,0.5681957602500916,0.2168378233909607,0.5681957602500916,0.21496641635894775
20160822085800.0,1.0,0.5430266261100769,0.2362770140171051,0.5430266261100769,0.22069638967514038
20160822085900.0,1.0,0.5470325350761414,0.23403792083263397,0.5470325350761414,0.21892955899238586
20160822090000.0,1.0,0.43879541754722595,0.31826251745224,0.43879541754722595,0.24294209480285645
20160822090100.0,1.0,0.4026685953140259,0.3539888858795166,0.4026685953140259,0.24334250390529633
20160822090200.0,1.0,0.5422291159629822,0.23131151497364044,0.5422291159629822,0.2264593243598938
20160822090300.0,1.0,0.5379761457443237,0.24014054238796234,0.5379761457443237,0.22188331186771393
20160822090400.0,1.0,0.5084824562072754,0.25996291637420654,0.5084824562072754,0.23155470192432404
20160822090500.0,0.0,0.4356848895549774,0.4356848895549774,0.3159061670303345,0.2484089434146881
20160822090600.0,0.0,0.4175364673137665,0.4175364673137665,0.2890965938568115,0.29336702823638916
20160822090700.0,1.0,0.43158158659935,0.31048497557640076,0.43158158659935,0.2579333782196045
20160822090800.0,0.0,0.44744157791137695,0.44744157791137695,0.2832011878490448,0.26935726404190063
20160822090900.0,0.0,0.47207528352737427,0.47207528352737427,0.2749987840652466,0.252925843000412
20160822091000.0,0.0,0.468641459941864,0.468641459941864,0.26550790667533875,0.26585063338279724
20160822091100.0,0.0,0.3955232799053192,0.3955232799053192,0.3505178391933441,0.2539588510990143
20160822091200.0,0.0,0.5011935830116272,0.5011935830116272,0.2583494782447815,0.24045704305171967
20160822091300.0,1.0,0.3961493670940399,0.3600253164768219,0.3961493670940399,0.243825301527977
20160822091400.0,1.0,0.5113090872764587,0.250655859708786,0.5113090872764587,0.23803508281707764
20160822091500.0,1.0,0.5344470143318176,0.22554968297481537,0.5344470143318176,0.24000325798988342
20160822091600.0,1.0,0.5112379193305969,0.24101246893405914,0.5112379193305969,0.24774962663650513
20160822091700.0,1.0,0.5590813755989075,0.21642890572547913,0.5590813755989075,0.22448968887329102
20160822091800.0,1.0,0.5256644487380981,0.22314630448818207,0.5256644487380981,0.251189261674881
20160822091900.0,1.0,0.5561809539794922,0.2167312204837799,0.5561809539794922,0.22708779573440552
20160822092000.0,1.0,0.5644349455833435,0.21494930982589722,0.5644349455833435,0.2206156700849533
20160822092100.0,1.0,0.5724915266036987,0.21286462247371674,0.5724915266036987,0.2146439552307129
20160822092200.0,1.0,0.5718652606010437,0.21299654245376587,0.5718652606010437,0.21513822674751282
20160822092300.0,1.0,0.5750318169593811,0.21230542659759521,0.5750318169593811,0.21266277134418488
20160822092400.0,1.0,0.5750496983528137,0.21240738034248352,0.5750496983528137,0.21254292130470276
20160822092500.0,1.0,0.5727821588516235,0.21293146908283234,0.5727821588516235,0.21428631246089935
20160822092600.0,1.0,0.5754368305206299,0.21222610771656036,0.5754368305206299,0.21233698725700378
20160822092700.0,1.0,0.5756080746650696,0.2121589332818985,0.5756080746650696,0.21223297715187073
20160822092800.0,1.0,0.5750023722648621,0.21229663491249084,0.5750023722648621,0.2127009779214859
20160822092900.0,1.0,0.57457035779953,0.21244342625141144,0.57457035779953,0.21298624575138092
20160822093000.0,1.0,0.5746455788612366,0.21241231262683868,0.5746455788612366,0.21294207870960236
20160822093100.0,1.0,0.5742109417915344,0.21260659396648407,0.5742109417915344,0.2131824940443039
20160822093200.0,1.0,0.5738852620124817,0.21286720037460327,0.5738852620124817,0.21324758231639862
20160822093300.0,1.0,0.5384296774864197,0.22051994502544403,0.5384296774864197,0.24105043709278107
20160822093400.0,1.0,0.5747548937797546,0.21251270174980164,0.5747548937797546,0.2127324342727661
20160822093500.0,1.0,0.5545608997344971,0.21894989907741547,0.5545608997344971,0.22648921608924866
20160822093600.0,1.0,0.5489377975463867,0.22442452609539032,0.5489377975463867,0.22663772106170654
20160822093700.0,1.0,0.5331083536148071,0.2365717887878418,0.5331083536148071,0.2303198277950287
20160822093800.0,0.0,0.42210856080055237,0.42210856080055237,0.31160178780555725,0.266289621591568
20160822093900.0,0.0,0.47197750210762024,0.47197750210762024,0.290810763835907,0.237211674451828
20160822094000.0,0.0,0.43331629037857056,0.43331629037857056,0.3102564215660095,0.25642725825309753
20160822094100.0,0.0,0.3543868064880371,0.3543868064880371,0.3472246527671814,0.2983885407447815
20160822094200.0,2.0,0.38892388343811035,0.32744288444519043,0.2836332619190216,0.38892388343811035
20160822094300.0,1.0,0.39532727003097534,0.24657927453517914,0.39532727003097534,0.3580935299396515
20160822094400.0,2.0,0.5527085661888123,0.22219949960708618,0.22509193420410156,0.5527085661888123
20160822094500.0,2.0,0.562734067440033,0.2180095911026001,0.21925634145736694,0.562734067440033
20160822094600.0,2.0,0.5602295994758606,0.2160109579563141,0.22375941276550293,0.5602295994758606
20160822094700.0,2.0,0.5752814412117004,0.21216434240341187,0.2125542163848877,0.5752814412117004
20160822094800.0,2.0,0.5756525993347168,0.21206901967525482,0.21227842569351196,0.5756525993347168
20160822094900.0,2.0,0.5751634836196899,0.21219652891159058,0.21264000236988068,0.5751634836196899
20160822095000.0,2.0,0.5654656887054443,0.21426375210285187,0.220270574092865,0.5654656887054443
20160822095100.0,2.0,0.5757056474685669,0.21204982697963715,0.21224449574947357,0.5757056474685669
20160822095200.0,2.0,0.5724009275436401,0.21284273266792297,0.2147563248872757,0.5724009275436401
20160822095300.0,2.0,0.5731262564659119,0.21266984939575195,0.21420392394065857,0.5731262564659119
20160822095400.0,2.0,0.5749664902687073,0.2122383415699005,0.2127952128648758,0.5749664902687073
20160822095500.0,2.0,0.5562867522239685,0.21624527871608734,0.22746795415878296,0.5562867522239685
20160822095600.0,2.0,0.5676479339599609,0.21408677101135254,0.21826528012752533,0.5676479339599609
20160822095700.0,2.0,0.5738046169281006,0.21260428428649902,0.21359111368656158,0.5738046169281006
20160822095800.0,2.0,0.5729709267616272,0.21290794014930725,0.21412108838558197,0.5729709267616272
20160822095900.0,2.0,0.5720754861831665,0.2133459448814392,0.2145785540342331,0.5720754861831665
20160822100000.0,2.0,0.5485193729400635,0.22000835835933685,0.23147231340408325,0.5485193729400635
20160822100100.0,2.0,0.4815269112586975,0.24271680414676666,0.275756299495697,0.4815269112586975
20160822100200.0,2.0,0.5027133822441101,0.23465411365032196,0.26263248920440674,0.5027133822441101
20160822100300.0,2.0,0.5685817003250122,0.2144925445318222,0.216925710439682,0.5685817003250122
20160822100400.0,2.0,0.5639700889587402,0.2159542590379715,0.22007566690444946,0.5639700889587402
20160822100500.0,2.0,0.5369755029678345,0.223521426320076,0.23950299620628357,0.5369755029678345
20160822100600.0,2.0,0.5682092308998108,0.21420486271381378,0.2175859659910202,0.5682092308998108
20160822100700.0,2.0,0.5752657055854797,0.21221309900283813,0.21252119541168213,0.5752657055854797
20160822100800.0,2.0,0.5742214322090149,0.21252213418483734,0.21325640380382538,0.5742214322090149
20160822100900.0,2.0,0.5715201497077942,0.21335162222385406,0.21512821316719055,0.5715201497077942
20160822101000.0,2.0,0.5621732473373413,0.21554535627365112,0.22228141129016876,0.5621732473373413
20160822101100.0,2.0,0.5320720672607422,0.2223697006702423,0.2455582171678543,0.5320720672607422
20160822101200.0,2.0,0.5726163983345032,0.21284502744674683,0.21453861892223358,0.5726163983345032
20160822101300.0,2.0,0.5618624091148376,0.21520380675792694,0.2229338139295578,0.5618624091148376
20160822101400.0,2.0,0.541722297668457,0.21942304074764252,0.23885466158390045,0.541722297668457
20160822101500.0,2.0,0.483462393283844,0.22867581248283386,0.28786182403564453,0.483462393283844
20160822101600.0,2.0,0.5477615594863892,0.21830107271671295,0.2339373379945755,0.5477615594863892
20160822101700.0,2.0,0.5406366586685181,0.21965919435024261,0.23970410227775574,0.5406366586685181
20160822101800.0,2.0,0.5651547908782959,0.2144598662853241,0.22038529813289642,0.5651547908782959
20160822101900.0,1.0,0.4101230800151825,0.2334226667881012,0.4101230800151825,0.3564542531967163
20160822102000.0,2.0,0.5642216205596924,0.21457034349441528,0.22120806574821472,0.5642216205596924
20160822102100.0,2.0,0.5662321448326111,0.2142622470855713,0.21950560808181763,0.5662321448326111
20160822102200.0,2.0,0.5704830884933472,0.21323412656784058,0.21628278493881226,0.5704830884933472
20160822102300.0,2.0,0.5704514384269714,0.21330037713050842,0.21624816954135895,0.5704514384269714
20160822102400.0,2.0,0.568866491317749,0.21367695927619934,0.21745657920837402,0.568866491317749
20160822102500.0,2.0,0.5639870762825012,0.21467331051826477,0.2213396579027176,0.5639870762825012
20160822102600.0,2.0,0.392866849899292,0.23424850404262543,0.3728846311569214,0.392866849899292
20160822102700.0,2.0,0.5314924716949463,0.2210073173046112,0.24750027060508728,0.5314924716949463
20160822102800.0,2.0,0.4862794280052185,0.22960880398750305,0.2841118276119232,0.4862794280052185
20160822102900.0,2.0,0.38950634002685547,0.2382897436618805,0.37220385670661926,0.38950634002685547
20160822103000.0,1.0,0.529816746711731,0.227129265666008,0.529816746711731,0.24305401742458344
20160822103100.0,1.0,0.562963604927063,0.21615566313266754,0.562963604927063,0.22088077664375305
20160822103200.0,1.0,0.5752406120300293,0.21233561635017395,0.5752406120300293,0.21242372691631317
20160822103300.0,1.0,0.5749781131744385,0.21242979168891907,0.5749781131744385,0.21259206533432007
20160822103400.0,1.0,0.5755741000175476,0.21219861507415771,0.5755741000175476,0.2122272551059723
20160822103500.0,1.0,0.5728361010551453,0.2137523889541626,0.5728361010551453,0.21341150999069214
20160822103600.0,1.0,0.5738668441772461,0.21304383873939514,0.5738668441772461,0.21308931708335876
20160822103700.0,1.0,0.5562959909439087,0.22363360226154327,0.5562959909439087,0.22007042169570923
20160822103800.0,1.0,0.5564512014389038,0.22529248893260956,0.5564512014389038,0.21825629472732544
20160822103900.0,1.0,0.573489248752594,0.21316063404083252,0.573489248752594,0.2133500725030899
20160822104000.0,1.0,0.571178674697876,0.21482715010643005,0.571178674697876,0.21399417519569397
20160822104100.0,1.0,0.5711487531661987,0.2139425128698349,0.5711487531661987,0.21490874886512756
20160822104200.0,1.0,0.5730378031730652,0.21333737671375275,0.5730378031730652,0.2136247456073761
20160822104300.0,1.0,0.5711101293563843,0.21395865082740784,0.5711101293563843,0.21493121981620789
20160822104400.0,1.0,0.5536382794380188,0.21896931529045105,0.5536382794380188,0.22739237546920776
20160822104500.0,1.0,0.5713484883308411,0.21399551630020142,0.5713484883308411,0.2146560400724411
20160822104600.0,1.0,0.5410133600234985,0.23414546251296997,0.5410133600234985,0.2248411774635315
20160822104700.0,1.0,0.41443079710006714,0.3305051028728485,0.41443079710006714,0.2550641596317291
20160822104800.0,1.0,0.5579251646995544,0.22385776042938232,0.5579251646995544,0.21821708977222443
20160822104900.0,1.0,0.5653456449508667,0.21856491267681122,0.5653456449508667,0.2160894125699997
20160822105000.0,1.0,0.5673284530639648,0.2182961106300354,0.5673284530639648,0.2143753618001938
20160822105100.0,1.0,0.572594404220581,0.21432821452617645,0.572594404220581,0.21307730674743652
20160822105200.0,1.0,0.5569588541984558,0.22628304362297058,0.5569588541984558,0.21675807237625122
20160822105300.0,1.0,0.5687942504882812,0.21704386174678802,0.5687942504882812,0.2141619771718979
20160822105400.0,1.0,0.5722944736480713,0.21463370323181152,0.5722944736480713,0.21307188272476196
20160822105500.0,1.0,0.5748469233512878,0.21272699534893036,0.5748469233512878,0.21242602169513702
20160822105600.0,1.0,0.5717525482177734,0.21505706012248993,0.5717525482177734,0.2131904810667038
20160822105700.0,1.0,0.5693943500518799,0.2169221192598343,0.5693943500518799,0.21368356049060822
20160822105800.0,1.0,0.5440422892570496,0.23719175159931183,0.5440422892570496,0.21876589953899384
20160822105900.0,1.0,0.5057128667831421,0.26946985721588135,0.5057128667831421,0.22481735050678253
20160822110000.0,1.0,0.5509918332099915,0.23182302713394165,0.5509918332099915,0.21718516945838928
20160822110100.0,1.0,0.43633607029914856,0.33193185925483704,0.43633607029914856,0.2317320704460144
20160822110200.0,1.0,0.5543401837348938,0.22919046878814697,0.5543401837348938,0.21646930277347565
20160822110300.0,1.0,0.5636765956878662,0.22166912257671356,0.5636765956878662,0.21465426683425903
20160822110400.0,1.0,0.5723018050193787,0.21485666930675507,0.5723018050193787,0.21284155547618866
20160822110500.0,1.0,0.5726081728935242,0.21463149785995483,0.5726081728935242,0.21276038885116577
20160822110600.0,1.0,0.5758754014968872,0.21210595965385437,0.5758754014968872,0.21201863884925842
20160822110700.0,1.0,0.5759500861167908,0.2120411992073059,0.5759500861167908,0.21200862526893616
20160822110800.0,1.0,0.5759915709495544,0.21200941503047943,0.5759915709495544,0.2119990438222885
20160822110900.0,1.0,0.5760111808776855,0.21199938654899597,0.5760111808776855,0.2119894176721573
20160822111000.0,1.0,0.5754553079605103,0.21231834590435028,0.5754553079605103,0.21222637593746185
20160822111100.0,1.0,0.5731566548347473,0.21305610239505768,0.5731566548347473,0.2137872278690338
20160822111200.0,1.0,0.5732676386833191,0.21348142623901367,0.5732676386833191,0.2132510095834732
20160822111300.0,1.0,0.574627697467804,0.21270789206027985,0.574627697467804,0.212664395570755
20160822111400.0,1.0,0.5664209127426147,0.2175867110490799,0.5664209127426147,0.21599236130714417
20160822111500.0,1.0,0.5730899572372437,0.2132038027048111,0.5730899572372437,0.21370625495910645
20160822111600.0,1.0,0.5724072456359863,0.2138257771730423,0.5724072456359863,0.213766947388649
20160822111700.0,1.0,0.5748531818389893,0.21260777115821838,0.5748531818389893,0.21253910660743713
20160822111800.0,1.0,0.5740087628364563,0.21316751837730408,0.5740087628364563,0.21282367408275604
20160822111900.0,1.0,0.5754926204681396,0.21224549412727356,0.5754926204681396,0.21226193010807037
20160822112000.0,1.0,0.575208842754364,0.21236860752105713,0.575208842754364,0.21242254972457886
20160822112100.0,1.0,0.5720736980438232,0.21396538615226746,0.5720736980438232,0.21396085619926453
20160822112200.0,1.0,0.5723066329956055,0.21344062685966492,0.5723066329956055,0.21425274014472961
20160822112300.0,1.0,0.5736520886421204,0.21287418901920319,0.5736520886421204,0.21347373723983765
20160822112400.0,1.0,0.574373722076416,0.2126302272081375,0.574373722076416,0.2129959762096405
20160822112500.0,1.0,0.5743374228477478,0.21255597472190857,0.5743374228477478,0.21310661733150482
20160822112600.0,1.0,0.5753438472747803,0.21222418546676636,0.5753438472747803,0.21243195235729218
20160822112700.0,1.0,0.568775475025177,0.21380066871643066,0.568775475025177,0.21742381155490875
20160822112800.0,1.0,0.5720511078834534,0.21316030621528625,0.5720511078834534,0.21478858590126038
20160822112900.0,1.0,0.5254893898963928,0.22234120965003967,0.5254893898963928,0.2521694302558899
20160822113000.0,1.0,0.5554345846176147,0.2168601006269455,0.5554345846176147,0.22770529985427856
20160822113100.0,1.0,0.47500041127204895,0.22961317002773285,0.47500041127204895,0.2953864336013794
20160822113200.0,1.0,0.48918774724006653,0.22803084552288055,0.48918774724006653,0.2827814221382141
20160822113300.0,1.0,0.5093875527381897,0.2248893827199936,0.5093875527381897,0.26572316884994507
20160822113400.0,1.0,0.5412795543670654,0.21912382543087006,0.5412795543670654,0.23959656059741974
20160822113500.0,2.0,0.4559306502342224,0.23081699013710022,0.3132522702217102,0.4559306502342224
20160822113600.0,2.0,0.49247047305107117,0.2268848419189453,0.28064462542533875,0.49247047305107117
20160822113700.0,2.0,0.5000792145729065,0.22631961107254028,0.2736011743545532,0.5000792145729065
20160822113800.0,2.0,0.5469850301742554,0.21866144239902496,0.23435361683368683,0.5469850301742554
20160822113900.0,2.0,0.5587294101715088,0.2163088172674179,0.2249617576599121,0.5587294101715088
20160822114000.0,2.0,0.5017045140266418,0.22551578283309937,0.27277976274490356,0.5017045140266418
20160822114100.0,2.0,0.5338156223297119,0.22065262496471405,0.24553178250789642,0.5338156223297119
20160822114200.0,2.0,0.5625180602073669,0.21498674154281616,0.2224951535463333,0.5625180602073669
20160822114300.0,2.0,0.5669748187065125,0.2141307145357132,0.21889449656009674,0.5669748187065125
20160822114400.0,2.0,0.5640934109687805,0.21457189321517944,0.22133466601371765,0.5640934109687805
20160822114500.0,2.0,0.574850857257843,0.21226349472999573,0.21288563311100006,0.574850857257843
20160822114600.0,2.0,0.5759606957435608,0.2119879126548767,0.21205145120620728,0.5759606957435608
20160822114700.0,2.0,0.5760214328765869,0.21197298169136047,0.212005615234375,0.5760214328765869
20160822114800.0,2.0,0.5760788917541504,0.2119542956352234,0.21196679770946503,0.5760788917541504
20160822114900.0,2.0,0.5760908722877502,0.21194997429847717,0.211959108710289,0.5760908722877502
20160822115000.0,2.0,0.5760959982872009,0.21194873750209808,0.21195530891418457,0.5760959982872009
20160822115100.0,2.0,0.5761035680770874,0.2119460254907608,0.2119504064321518,0.5761035680770874
20160822115200.0,2.0,0.5761070251464844,0.21194522082805634,0.21194776892662048,0.5761070251464844
20160822115300.0,2.0,0.576103150844574,0.2119462639093399,0.2119506299495697,0.576103150844574
20160822115400.0,2.0,0.5760625004768372,0.21195806562900543,0.21197937428951263,0.5760625004768372
20160822115500.0,2.0,0.5760613083839417,0.21195989847183228,0.21197880804538727,0.5760613083839417
20160822115600.0,2.0,0.5760941505432129,0.21194979548454285,0.21195602416992188,0.5760941505432129
20160822115700.0,2.0,0.5760816931724548,0.2119535207748413,0.21196477115154266,0.5760816931724548
20160822115800.0,2.0,0.57608562707901,0.2119518518447876,0.21196255087852478,0.57608562707901
20160822115900.0,2.0,0.5760400295257568,0.2119647115468979,0.2119952291250229,0.5760400295257568
20160822120000.0,2.0,0.5760709047317505,0.21195532381534576,0.21197377145290375,0.5760709047317505
20160822120100.0,2.0,0.5760778188705444,0.2119545340538025,0.21196766197681427,0.5760778188705444
20160822120200.0,2.0,0.5760543346405029,0.2119627594947815,0.2119828760623932,0.5760543346405029
20160822120300.0,2.0,0.5760213136672974,0.21197158098220825,0.2120070904493332,0.5760213136672974
20160822120400.0,2.0,0.5760853290557861,0.21195156872272491,0.21196314692497253,0.5760853290557861
20160822120500.0,2.0,0.576052725315094,0.21196195483207703,0.2119852751493454,0.576052725315094
20160822120600.0,2.0,0.5756489038467407,0.21208946406841278,0.21226166188716888,0.5756489038467407
20160822120700.0,0.0,0.36975109577178955,0.36975109577178955,0.26958394050598145,0.360664963722229
20160822120800.0,0.0,0.5755406618118286,0.5755406618118286,0.21226432919502258,0.2121949940919876
20160822120900.0,0.0,0.5758293867111206,0.5758293867111206,0.21210543811321259,0.21206523478031158
20160822121000.0,0.0,0.5751986503601074,0.5751986503601074,0.212480828166008,0.2123204618692398
20160822121100.0,0.0,0.5746459364891052,0.5746459364891052,0.21279378235340118,0.21256037056446075
20160822121200.0,0.0,0.5753187537193298,0.5753187537193298,0.21240375936031342,0.21227748692035675
20160822121300.0,0.0,0.5756592750549316,0.5756592750549316,0.21219883859157562,0.21214190125465393
20160822121400.0,0.0,0.5757133960723877,0.5757133960723877,0.21217447519302368,0.21211214363574982
20160822121500.0,0.0,0.5759151577949524,0.5759151577949524,0.21205587685108185,0.21202898025512695
20160822121600.0,0.0,0.575700044631958,0.575700044631958,0.21217642724514008,0.2121235430240631
20160822121700.0,0.0,0.5755537748336792,0.5755537748336792,0.2122545838356018,0.2121916264295578
20160822121800.0,0.0,0.5754916667938232,0.5754916667938232,0.21229353547096252,0.21221476793289185
20160822121900.0,0.0,0.5758622884750366,0.5758622884750366,0.21208906173706055,0.21204857528209686
20160822122000.0,0.0,0.5759755373001099,0.5759755373001099,0.21202215552330017,0.2120022475719452
20160822122100.0,0.0,0.5760780572891235,0.5760780572891235,0.21196416020393372,0.21195770800113678
20160822122200.0,0.0,0.5760905146598816,0.5760905146598816,0.2119571566581726,0.21195226907730103
20160822122300.0,0.0,0.5760598182678223,0.5760598182678223,0.21197493374347687,0.21196533739566803
20160822122400.0,0.0,0.5760712027549744,0.5760712027549744,0.2119688242673874,0.21195997297763824
20160822122500.0,0.0,0.5760806202888489,0.5760806202888489,0.21196284890174866,0.21195651590824127
20160822122600.0,0.0,0.5760841369628906,0.5760841369628906,0.21196094155311584,0.21195486187934875
20160822122700.0,0.0,0.5760836601257324,0.5760836601257324,0.21196109056472778,0.2119552195072174
20160822122800.0,0.0,0.576091468334198,0.576091468334198,0.21195659041404724,0.2119518667459488
20160822122900.0,0.0,0.5760844945907593,0.5760844945907593,0.21196068823337555,0.21195492148399353
20160822123000.0,0.0,0.5760776400566101,0.5760776400566101,0.21196481585502625,0.21195758879184723
20160822123100.0,0.0,0.5760912299156189,0.5760912299156189,0.21195679903030396,0.21195192635059357
20160822123200.0,0.0,0.5760824084281921,0.5760824084281921,0.2119620144367218,0.21195553243160248
20160822123300.0,0.0,0.5760785937309265,0.5760785937309265,0.2119642198085785,0.2119572013616562
20160822123400.0,0.0,0.5760346055030823,0.5760346055030823,0.21199047565460205,0.2119748741388321
20160822123500.0,0.0,0.5760632157325745,0.5760632157325745,0.21197353303432465,0.2119632512331009
20160822123600.0,0.0,0.5760671496391296,0.5760671496391296,0.21197105944156647,0.21196186542510986
20160822123700.0,0.0,0.5760794281959534,0.5760794281959534,0.21196359395980835,0.21195700764656067
20160822123800.0,0.0,0.5760629773139954,0.5760629773139954,0.21197400987148285,0.21196307241916656
20160822123900.0,0.0,0.5760704278945923,0.5760704278945923,0.2119704782962799,0.2119590938091278
20160822124000.0,0.0,0.5760690569877625,0.5760690569877625,0.21197038888931274,0.2119605988264084
20160822124100.0,0.0,0.5760128498077393,0.5760128498077393,0.212004154920578,0.21198298037052155
20160822124200.0,0.0,0.5759639739990234,0.5759639739990234,0.2120383381843567,0.21199776232242584
20160822124300.0,0.0,0.5758344531059265,0.5758344531059265,0.2121322751045227,0.21203328669071198
20160822124400.0,0.0,0.5760000944137573,0.5760000944137573,0.2120123952627182,0.2119874805212021
20160822124500.0,0.0,0.5759866833686829,0.5759866833686829,0.2120223492383957,0.21199101209640503
20160822124600.0,0.0,0.5758325457572937,0.5758325457572937,0.21212030947208405,0.21204708516597748
20160822124700.0,0.0,0.5757473707199097,0.5757473707199097,0.2121737152338028,0.21207889914512634
20160822124800.0,0.0,0.5759653449058533,0.5759653449058533,0.2120346873998642,0.21199992299079895
20160822124900.0,0.0,0.5760148763656616,0.5760148763656616,0.21200533211231232,0.21197980642318726
20160822125000.0,0.0,0.5760217905044556,0.5760217905044556,0.2120005041360855,0.21197770535945892
20160822125100.0,0.0,0.5760553479194641,0.5760553479194641,0.2119789719581604,0.21196573972702026
20160822125200.0,0.0,0.5759774446487427,0.5759774446487427,0.21202868223190308,0.21199394762516022
20160822125300.0,0.0,0.5760121941566467,0.5760121941566467,0.21200589835643768,0.21198192238807678
20160822125400.0,0.0,0.5759800672531128,0.5759800672531128,0.21202673017978668,0.21199317276477814
20160822125500.0,0.0,0.5759902000427246,0.5759902000427246,0.21202252805233002,0.21198734641075134
20160822125600.0,0.0,0.5760248899459839,0.5760248899459839,0.21199770271778107,0.21197742223739624
20160822125700.0,0.0,0.5760536193847656,0.5760536193847656,0.21198002994060516,0.21196633577346802
20160822125800.0,0.0,0.5760679244995117,0.5760679244995117,0.2119711935520172,0.21196094155311584
20160822125900.0,0.0,0.5760478973388672,0.5760478973388672,0.21198339760303497,0.21196867525577545
20160822130000.0,0.0,0.5760828852653503,0.5760828852653503,0.21196231245994568,0.2119547724723816
20160822130100.0,0.0,0.5760743618011475,0.5760743618011475,0.21196819841861725,0.21195745468139648
20160822130200.0,0.0,0.5760796666145325,0.5760796666145325,0.21196408569812775,0.2119562029838562
20160822130300.0,0.0,0.5760856866836548,0.5760856866836548,0.21196092665195465,0.21195341646671295
20160822130400.0,0.0,0.5760688781738281,0.5760688781738281,0.21197152137756348,0.211959570646286
20160822130500.0,0.0,0.5760732293128967,0.5760732293128967,0.2119687795639038,0.21195800602436066
20160822130600.0,0.0,0.5760788917541504,0.5760788917541504,0.21196512877941132,0.2119559645652771
20160822130700.0,0.0,0.5760803818702698,0.5760803818702698,0.21196386218070984,0.2119557112455368
20160822130800.0,0.0,0.5760793089866638,0.5760793089866638,0.21196423470973969,0.21195648610591888
20160822130900.0,0.0,0.5760774612426758,0.5760774612426758,0.21196593344211578,0.2119567096233368
20160822131000.0,0.0,0.5760679244995117,0.5760679244995117,0.21197138726711273,0.21196068823337555
20160822131100.0,0.0,0.576062798500061,0.576062798500061,0.21197421848773956,0.21196293830871582
20160822131200.0,0.0,0.5760168433189392,0.5760168433189392,0.2120034545660019,0.21197974681854248
20160822131300.0,0.0,0.5756781101226807,0.5756781101226807,0.21224693953990936,0.21207495033740997
20160822131400.0,0.0,0.5759685039520264,0.5759685039520264,0.21203899383544922,0.211992546916008
20160822131500.0,0.0,0.5758514404296875,0.5758514404296875,0.2121129333972931,0.21203556656837463
20160822131600.0,0.0,0.5754258632659912,0.5754258632659912,0.21237263083457947,0.21220159530639648
20160822131700.0,0.0,0.5756378769874573,0.5756378769874573,0.21223513782024384,0.2121269702911377
20160822131800.0,0.0,0.5739697217941284,0.5739697217941284,0.21334008872509003,0.21269015967845917
20160822131900.0,0.0,0.5616877675056458,0.5616877675056458,0.22104749083518982,0.21726477146148682
20160822132000.0,0.0,0.5126935243606567,0.5126935243606567,0.25183767080307007,0.2354688197374344
20160822132100.0,2.0,0.56989586353302,0.21532805263996124,0.21477611362934113,0.56989586353302
20160822132200.0,2.0,0.572067141532898,0.21320855617523193,0.21472428739070892,0.572067141532898
20160822132300.0,2.0,0.5757001638412476,0.21210598945617676,0.2121937870979309,0.5757001638412476
20160822132400.0,2.0,0.5736091136932373,0.212590292096138,0.2138005793094635,0.5736091136932373
20160822132500.0,2.0,0.5692533254623413,0.21359002590179443,0.21715661883354187,0.5692533254623413
20160822132600.0,2.0,0.5666038393974304,0.21433448791503906,0.2190616875886917,0.5666038393974304
20160822132700.0,2.0,0.5705392360687256,0.21327202022075653,0.21618874371051788,0.5705392360687256
20160822132800.0,2.0,0.48715338110923767,0.22726941108703613,0.2855771780014038,0.48715338110923767
20160822132900.0,2.0,0.5750271081924438,0.21222393214702606,0.2127489596605301,0.5750271081924438
20160822133000.0,2.0,0.5734902024269104,0.21258039772510529,0.2139294147491455,0.5734902024269104
20160822133100.0,2.0,0.5379918217658997,0.21992842853069305,0.2420797348022461,0.5379918217658997
20160822133200.0,2.0,0.5720407962799072,0.21285393834114075,0.21510525047779083,0.5720407962799072
20160822133300.0,2.0,0.5757405161857605,0.2120678573846817,0.212191641330719,0.5757405161857605
20160822133400.0,2.0,0.5740795135498047,0.2124798595905304,0.2134406715631485,0.5740795135498047
20160822133500.0,2.0,0.5759546756744385,0.21198345720767975,0.212061807513237,0.5759546756744385
20160822133600.0,2.0,0.5723479986190796,0.21297819912433624,0.21467383205890656,0.5723479986190796
20160822133700.0,2.0,0.575049102306366,0.21236160397529602,0.21258926391601562,0.575049102306366
20160822133800.0,2.0,0.5616773366928101,0.21505361795425415,0.2232690006494522,0.5616773366928101
20160822133900.0,1.0,0.5677751898765564,0.21400350332260132,0.5677751898765564,0.21822123229503632
20160822134000.0,2.0,0.574542224407196,0.212367981672287,0.21308980882167816,0.574542224407196
20160822134100.0,2.0,0.3887908160686493,0.2359536588191986,0.3752555847167969,0.3887908160686493
20160822134200.0,2.0,0.5615690350532532,0.22296316921710968,0.21546782553195953,0.5615690350532532
20160822134300.0,2.0,0.5700417757034302,0.2163010537624359,0.21365714073181152,0.5700417757034302
20160822134400.0,2.0,0.574345588684082,0.21241411566734314,0.21324026584625244,0.574345588684082
20160822134500.0,2.0,0.5603116154670715,0.21538469195365906,0.22430364787578583,0.5603116154670715
20160822134600.0,2.0,0.5745314359664917,0.2124195247888565,0.2130489945411682,0.5745314359664917
20160822134700.0,2.0,0.5753883719444275,0.2121405154466629,0.2124711275100708,0.5753883719444275
20160822134800.0,2.0,0.5757816433906555,0.21203197538852692,0.21218638122081757,0.5757816433906555
20160822134900.0,2.0,0.5759175419807434,0.21201348304748535,0.21206897497177124,0.5759175419807434
20160822135000.0,2.0,0.5760853290557861,0.21195194125175476,0.21196268498897552,0.5760853290557861
20160822135100.0,2.0,0.5761040449142456,0.211946502327919,0.2119494527578354,0.5761040449142456
20160822135200.0,2.0,0.5755807161331177,0.2121080756187439,0.21231120824813843,0.5755807161331177
20160822135300.0,2.0,0.575653076171875,0.21207083761692047,0.21227604150772095,0.575653076171875
20160822135400.0,2.0,0.5755849480628967,0.21209515631198883,0.21231994032859802,0.5755849480628967
20160822135500.0,2.0,0.5755071043968201,0.2120850831270218,0.21240785717964172,0.5755071043968201
20160822135600.0,2.0,0.5742321610450745,0.21246933937072754,0.2132984697818756,0.5742321610450745
20160822135700.0,2.0,0.5757244229316711,0.21204866468906403,0.21222694218158722,0.5757244229316711
20160822135800.0,2.0,0.5757293701171875,0.2120390683412552,0.21223154664039612,0.5757293701171875
20160822135900.0,2.0,0.5758397579193115,0.21201196312904358,0.21214821934700012,0.5758397579193115
20160822140000.0,2.0,0.5759735107421875,0.2119825780391693,0.21204392611980438,0.5759735107421875
20160822140100.0,2.0,0.5754154324531555,0.21212497353553772,0.21245957911014557,0.5754154324531555
20160822140200.0,2.0,0.5758405327796936,0.21201837062835693,0.2121410220861435,0.5758405327796936
20160822140300.0,2.0,0.5759658217430115,0.21199290454387665,0.21204130351543427,0.5759658217430115
20160822140400.0,2.0,0.5759429335594177,0.21198813617229462,0.21206897497177124,0.5759429335594177
20160822140500.0,2.0,0.5752017498016357,0.21217603981494904,0.21262226998806,0.5752017498016357
20160822140600.0,2.0,0.5759227871894836,0.21199671924114227,0.2120804786682129,0.5759227871894836
20160822140700.0,2.0,0.5761106610298157,0.21194390952587128,0.21194538474082947,0.5761106610298157
20160822140800.0,2.0,0.5760142207145691,0.21197199821472168,0.21201375126838684,0.5760142207145691
20160822140900.0,2.0,0.5760263800621033,0.21196748316287994,0.2120060920715332,0.5760263800621033
20160822141000.0,2.0,0.5760489702224731,0.21196480095386505,0.2119862586259842,0.5760489702224731
20160822141100.0,2.0,0.5761008262634277,0.21194757521152496,0.21195164322853088,0.5761008262634277
20160822141200.0,2.0,0.5760916471481323,0.2119503915309906,0.21195796132087708,0.5760916471481323
20160822141300.0,2.0,0.5760956406593323,0.21194909512996674,0.21195530891418457,0.5760956406593323
20160822141400.0,2.0,0.5758271813392639,0.21201735734939575,0.21215540170669556,0.5758271813392639
20160822141500.0,2.0,0.5751942992210388,0.21218879520893097,0.212616965174675,0.5751942992210388
20160822141600.0,2.0,0.5742835998535156,0.2124365121126175,0.21327988803386688,0.5742835998535156
20160822141700.0,2.0,0.5758457183837891,0.2120259553194046,0.21212828159332275,0.5758457183837891
20160822141800.0,2.0,0.5760317444801331,0.21197350323200226,0.2119947373867035,0.5760317444801331
20160822141900.0,2.0,0.576073408126831,0.21195699274539948,0.2119695544242859,0.576073408126831
20160822142000.0,2.0,0.5759871006011963,0.2119947373867035,0.21201814711093903,0.5759871006011963
20160822142100.0,2.0,0.5760992169380188,0.21194881200790405,0.21195198595523834,0.5760992169380188
20160822142200.0,2.0,0.5760351419448853,0.2119675874710083,0.21199725568294525,0.5760351419448853
20160822142300.0,2.0,0.5759084820747375,0.21202492713928223,0.21206660568714142,0.5759084820747375
20160822142400.0,2.0,0.5746734738349915,0.21236823499202728,0.21295829117298126,0.5746734738349915
20160822142500.0,2.0,0.5753472447395325,0.21217571198940277,0.21247701346874237,0.5753472447395325
20160822142600.0,2.0,0.5742835998535156,0.2125663459300995,0.2131500542163849,0.5742835998535156
20160822142700.0,2.0,0.5749271512031555,0.21229609847068787,0.21277675032615662,0.5749271512031555
20160822142800.0,2.0,0.5757225155830383,0.2121153324842453,0.21216218173503876,0.5757225155830383
20160822142900.0,2.0,0.5759052038192749,0.2120094895362854,0.2120853066444397,0.5759052038192749
20160822143000.0,2.0,0.5758622288703918,0.21203121542930603,0.2121066004037857,0.5758622288703918
20160822143100.0,2.0,0.5756169557571411,0.21208807826042175,0.21229496598243713,0.5756169557571411
20160822143200.0,2.0,0.574444591999054,0.21242637932300568,0.21312902867794037,0.574444591999054
20160822143300.0,2.0,0.521984338760376,0.22273899614810944,0.255276620388031,0.521984338760376
20160822143400.0,2.0,0.5416388511657715,0.22026439011096954,0.23809672892093658,0.5416388511657715
20160822143500.0,2.0,0.5742665529251099,0.21255655586719513,0.21317696571350098,0.5742665529251099
20160822143600.0,2.0,0.5674015879631042,0.21413695812225342,0.21846145391464233,0.5674015879631042
20160822143700.0,2.0,0.5758683681488037,0.21205292642116547,0.21207867562770844,0.5758683681488037
20160822143800.0,2.0,0.5759749412536621,0.21201534569263458,0.2120097279548645,0.5759749412536621
20160822143900.0,2.0,0.5759112238883972,0.21200481057167053,0.21208392083644867,0.5759112238883972
20160822144000.0,2.0,0.5748032331466675,0.2123396396636963,0.21285715699195862,0.5748032331466675
20160822144100.0,2.0,0.5754739046096802,0.21219420433044434,0.21233193576335907,0.5754739046096802
20160822144200.0,2.0,0.5757428407669067,0.21212109923362732,0.21213601529598236,0.5757428407669067
20160822144300.0,2.0,0.5751838088035583,0.21224448084831238,0.21257168054580688,0.5751838088035583
20160822144400.0,2.0,0.574893593788147,0.21234405040740967,0.21276232600212097,0.574893593788147
20160822144500.0,2.0,0.5758469104766846,0.21205464005470276,0.21209843456745148,0.5758469104766846
20160822144600.0,2.0,0.5744132995605469,0.212585911154747,0.2130008488893509,0.5744132995605469
20160822144700.0,2.0,0.5755080580711365,0.2122149020433426,0.21227705478668213,0.5755080580711365
20160822144800.0,2.0,0.5754750370979309,0.2122708410024643,0.21225415170192719,0.5754750370979309
20160822144900.0,2.0,0.5755468606948853,0.21226106584072113,0.21219201385974884,0.5755468606948853
20160822145000.0,2.0,0.5758650898933411,0.21205495297908783,0.2120799869298935,0.5758650898933411
20160822145100.0,2.0,0.5738328099250793,0.21274057030677795,0.21342657506465912,0.5738328099250793
20160822145200.0,2.0,0.5744993686676025,0.21248428523540497,0.2130163013935089,0.5744993686676025
20160822145300.0,2.0,0.5760220289230347,0.21199052035808563,0.21198739111423492,0.5760220289230347
20160822145400.0,2.0,0.5739907622337341,0.21254746615886688,0.21346180140972137,0.5739907622337341
20160822145500.0,2.0,0.5760886073112488,0.21195517480373383,0.21195624768733978,0.5760886073112488
20160822145600.0,2.0,0.5745245218276978,0.21239475905895233,0.21308079361915588,0.5745245218276978
20160822145700.0,2.0,0.5760393738746643,0.2119770348072052,0.2119835764169693,0.5760393738746643
20160822145800.0,2.0,0.5760881304740906,0.2119557112455368,0.21195611357688904,0.5760881304740906
20160822145900.0,2.0,0.5760462880134583,0.21197932958602905,0.21197445690631866,0.5760462880134583
20160822150000.0,2.0,0.5760855078697205,0.21195939183235168,0.21195511519908905,0.5760855078697205
20160822150100.0,2.0,0.5760911107063293,0.2119542956352234,0.21195465326309204,0.5760911107063293
20160822150200.0,2.0,0.5759596228599548,0.21201679110527039,0.21202361583709717,0.5759596228599548
20160822150300.0,2.0,0.5761011838912964,0.2119479924440384,0.21195076406002045,0.5761011838912964
20160822150400.0,2.0,0.575786292552948,0.21206344664096832,0.21215027570724487,0.575786292552948
20160822150500.0,2.0,0.575829803943634,0.21204334497451782,0.21212682127952576,0.575829803943634
20160822150600.0,2.0,0.5756396055221558,0.21208308637142181,0.2122773826122284,0.5756396055221558
20160822150700.0,2.0,0.5744277834892273,0.21312734484672546,0.21244482696056366,0.5744277834892273
20160822150800.0,2.0,0.5753076076507568,0.21249091625213623,0.21220149099826813,0.5753076076507568
20160822150900.0,2.0,0.5746343731880188,0.21230041980743408,0.21306519210338593,0.5746343731880188
20160822151000.0,1.0,0.5510338544845581,0.21732847392559052,0.5510338544845581,0.23163768649101257
20160822151100.0,2.0,0.5659304857254028,0.2145300656557083,0.21953946352005005,0.5659304857254028
20160822151200.0,2.0,0.4889058768749237,0.22681815922260284,0.2842758893966675,0.4889058768749237
20160822151300.0,1.0,0.5729038715362549,0.21277694404125214,0.5729038715362549,0.2143191546201706
20160822151400.0,1.0,0.42424681782722473,0.2374059408903122,0.42424681782722473,0.3383472263813019
20160822151500.0,2.0,0.5652272701263428,0.21502937376499176,0.21974335610866547,0.5652272701263428
20160822151600.0,2.0,0.527103841304779,0.22463931143283844,0.24825678765773773,0.527103841304779
20160822151700.0,1.0,0.5746570229530334,0.21255828440189362,0.5746570229530334,0.21278460323810577
20160822151800.0,1.0,0.5634357333183289,0.2161136120557785,0.5634357333183289,0.22045069932937622
20160822151900.0,1.0,0.5589569211006165,0.21783727407455444,0.5589569211006165,0.2232057899236679
20160822152000.0,1.0,0.36325907707214355,0.3512521982192993,0.36325907707214355,0.28548869490623474
20160822152100.0,1.0,0.5709962248802185,0.21398401260375977,0.5709962248802185,0.21501968801021576
20160822152200.0,1.0,0.4708384871482849,0.2306591272354126,0.4708384871482849,0.29850244522094727
20160822152300.0,1.0,0.5730636715888977,0.21281099319458008,0.5730636715888977,0.2141253501176834
20160822152400.0,1.0,0.5697129964828491,0.2136123776435852,0.5697129964828491,0.21667462587356567
20160822152500.0,1.0,0.49983304738998413,0.22725483775138855,0.49983304738998413,0.27291208505630493
20160822152600.0,1.0,0.573599636554718,0.21284110844135284,0.573599636554718,0.21355924010276794
20160822152700.0,2.0,0.4096533954143524,0.23487666249275208,0.3554699420928955,0.4096533954143524
20160822152800.0,1.0,0.5688017010688782,0.21516385674476624,0.5688017010688782,0.21603450179100037
20160822152900.0,1.0,0.454649418592453,0.23187591135501862,0.454649418592453,0.3134746551513672
20160822153000.0,1.0,0.5755289196968079,0.2122274488210678,0.5755289196968079,0.21224364638328552
20160822153100.0,2.0,0.4779495894908905,0.22789454460144043,0.2941558361053467,0.4779495894908905
20160822153200.0,2.0,0.5662116408348083,0.2142278254032135,0.21956056356430054,0.5662116408348083
20160822153300.0,2.0,0.40683433413505554,0.23295800387859344,0.3602076768875122,0.40683433413505554
20160822153400.0,2.0,0.5590988993644714,0.21577240526676178,0.22512872517108917,0.5590988993644714
20160822153500.0,2.0,0.5535072088241577,0.21785467863082886,0.22863803803920746,0.5535072088241577
20160822153600.0,2.0,0.5547415614128113,0.21657364070415497,0.22868479788303375,0.5547415614128113
20160822153700.0,1.0,0.5740447044372559,0.21306893229484558,0.5740447044372559,0.21288636326789856
20160822153800.0,2.0,0.5579894185066223,0.21644075214862823,0.22556976974010468,0.5579894185066223
20160822153900.0,2.0,0.5547490119934082,0.21742434799671173,0.22782662510871887,0.5547490119934082
20160822154000.0,2.0,0.508219301700592,0.2391650527715683,0.25261563062667847,0.508219301700592
20160822154100.0,1.0,0.5277923345565796,0.24516400694847107,0.5277923345565796,0.22704356908798218
20160822154200.0,1.0,0.5423170328140259,0.23588669300079346,0.5423170328140259,0.22179630398750305
20160822154300.0,1.0,0.44435253739356995,0.3227970600128174,0.44435253739356995,0.23285038769245148
20160822154400.0,0.0,0.5706750154495239,0.5706750154495239,0.21586187183856964,0.21346312761306763
20160822154500.0,0.0,0.5524792075157166,0.5524792075157166,0.23033460974693298,0.21718621253967285
20160822154600.0,0.0,0.5675133466720581,0.5675133466720581,0.21844646334648132,0.21404017508029938
20160822154700.0,0.0,0.5704439282417297,0.5704439282417297,0.21615011990070343,0.21340595185756683
20160822154800.0,0.0,0.5298804640769958,0.5298804640769958,0.24876485764980316,0.2213546484708786
20160822154900.0,0.0,0.5655679106712341,0.5655679106712341,0.21974018216133118,0.2146918922662735
20160822155000.0,0.0,0.564238965511322,0.564238965511322,0.22083380818367004,0.2149272859096527
20160822155100.0,0.0,0.5724565386772156,0.5724565386772156,0.214624285697937,0.212919220328331
20160822155200.0,0.0,0.5654444694519043,0.5654444694519043,0.2198939174413681,0.21466164290905
20160822155300.0,0.0,0.5391709208488464,0.5391709208488464,0.2411699742078781,0.21965910494327545
20160822155400.0,0.0,0.5740508437156677,0.5740508437156677,0.21348032355308533,0.21246886253356934
20160822155500.0,0.0,0.5758665800094604,0.5758665800094604,0.2120990753173828,0.21203438937664032
20160822155600.0,0.0,0.5759850740432739,0.5759850740432739,0.21202452480793,0.21199041604995728
20160822155700.0,0.0,0.5756994485855103,0.5756994485855103,0.21220381557941437,0.2120966613292694
20160822155800.0,0.0,0.5758703947067261,0.5758703947067261,0.21211133897304535,0.21201826632022858
20160822155900.0,0.0,0.5760036706924438,0.5760036706924438,0.2120099663734436,0.21198639273643494
20160822160000.0,0.0,0.5757436156272888,0.5757436156272888,0.21219104528427124,0.21206538379192352
20160822160100.0,0.0,0.5756571888923645,0.5756571888923645,0.21226751804351807,0.21207529306411743
20160822160200.0,0.0,0.5759197473526001,0.5759197473526001,0.2120743691921234,0.21200592815876007
20160822160300.0,0.0,0.5759493708610535,0.5759493708610535,0.2120484709739685,0.21200218796730042
20160822160400.0,0.0,0.5760101675987244,0.5760101675987244,0.21201296150684357,0.21197693049907684
20160822160500.0,0.0,0.5758792161941528,0.5758792161941528,0.2120969444513321,0.21202383935451508
20160822160600.0,0.0,0.576050877571106,0.576050877571106,0.21198219060897827,0.21196693181991577
20160822160700.0,0.0,0.5760286450386047,0.5760286450386047,0.21199560165405273,0.2119758278131485
20160822160800.0,0.0,0.576024055480957,0.576024055480957,0.21200008690357208,0.2119758278131485
20160822160900.0,0.0,0.5760025978088379,0.5760025978088379,0.21201574802398682,0.21198171377182007
20160822161000.0,0.0,0.5760072469711304,0.5760072469711304,0.2120085060596466,0.21198421716690063
20160822161100.0,0.0,0.5760376453399658,0.5760376453399658,0.2119903862476349,0.2119719684123993
20160822161200.0,0.0,0.5760263204574585,0.5760263204574585,0.21199817955493927,0.21197547018527985
20160822161300.0,0.0,0.5759355425834656,0.5759355425834656,0.2120579481124878,0.21200653910636902
20160822161400.0,0.0,0.5760082602500916,0.5760082602500916,0.21201007068157196,0.21198159456253052
20160822161500.0,0.0,0.5759349465370178,0.5759349465370178,0.21206550300121307,0.2119995504617691
20160822161600.0,0.0,0.5760417580604553,0.5760417580604553,0.21198830008506775,0.21196995675563812
20160822161700.0,0.0,0.5759466886520386,0.5759466886520386,0.21204805374145508,0.21200528740882874
20160822161800.0,0.0,0.5759938359260559,0.5759938359260559,0.21201899647712708,0.2119871824979782
20160822161900.0,0.0,0.5760346055030823,0.5760346055030823,0.2119913250207901,0.21197400987148285
20160822162000.0,0.0,0.57606440782547,0.57606440782547,0.2119743973016739,0.21196117997169495
20160822162100.0,0.0,0.5760582685470581,0.5760582685470581,0.21197733283042908,0.21196429431438446
20160822162200.0,0.0,0.5760517716407776,0.5760517716407776,0.21198150515556335,0.21196667850017548
20160822162300.0,0.0,0.5760703086853027,0.5760703086853027,0.21196997165679932,0.21195967495441437
20160822162400.0,0.0,0.5760360360145569,0.5760360360145569,0.2119915634393692,0.21197231113910675
20160822162500.0,0.0,0.5760433077812195,0.5760433077812195,0.2119865119457245,0.21197015047073364
20160822162600.0,0.0,0.5760565996170044,0.5760565996170044,0.211978018283844,0.21196533739566803
20160822162700.0,0.0,0.5760345458984375,0.5760345458984375,0.21199192106723785,0.21197354793548584
20160822162800.0,0.0,0.5760416984558105,0.5760416984558105,0.2119879275560379,0.21197043359279633
20160822162900.0,0.0,0.575947105884552,0.575947105884552,0.2120455801486969,0.2120073288679123
20160822163000.0,0.0,0.5760437846183777,0.5760437846183777,0.2119855135679245,0.21197067201137543
20160822163100.0,0.0,0.5759783983230591,0.5759783983230591,0.21202746033668518,0.21199412643909454
20160822163200.0,0.0,0.576007604598999,0.576007604598999,0.2120084911584854,0.21198391914367676
20160822163300.0,0.0,0.5760030746459961,0.5760030746459961,0.2120107114315033,0.2119862139225006
20160822163400.0,0.0,0.5759769082069397,0.5759769082069397,0.2120329886674881,0.21199007332324982
20160822163500.0,0.0,0.5755361318588257,0.5755361318588257,0.21234430372714996,0.21211962401866913
20160822163600.0,0.0,0.5759062767028809,0.5759062767028809,0.2120692878961563,0.21202446520328522
20160822163700.0,0.0,0.5757088661193848,0.5757088661193848,0.21218152344226837,0.21210968494415283
20160822163800.0,0.0,0.5752597451210022,0.5752597451210022,0.21245311200618744,0.21228717267513275
20160822163900.0,0.0,0.5622571110725403,0.5622571110725403,0.2213226556777954,0.2164202481508255
20160822164000.0,0.0,0.454122930765152,0.454122930765152,0.2813724875450134,0.264504611492157
20160822164100.0,1.0,0.4837878346443176,0.28199976682662964,0.4837878346443176,0.2342124581336975
20160822164200.0,1.0,0.5119589567184448,0.2503637373447418,0.5119589567184448,0.23767735064029694
20160822164300.0,2.0,0.3655541241168976,0.34359320998191833,0.29085269570350647,0.3655541241168976
20160822164400.0,2.0,0.5668894052505493,0.21514791250228882,0.21796274185180664,0.5668894052505493
20160822164500.0,2.0,0.5528135299682617,0.22396305203437805,0.22322340309619904,0.5528135299682617
20160822164600.0,2.0,0.5715214610099792,0.21394208073616028,0.21453645825386047,0.5715214610099792
20160822164700.0,2.0,0.5733602046966553,0.21292197704315186,0.21371789276599884,0.5733602046966553
20160822164800.0,2.0,0.5734793543815613,0.21288146078586578,0.21363914012908936,0.5734793543815613
20160822164900.0,2.0,0.5745145082473755,0.21259215474128723,0.21289338171482086,0.5745145082473755
20160822165000.0,2.0,0.5757688879966736,0.21209260821342468,0.2121385782957077,0.5757688879966736
20160822165100.0,2.0,0.5727203488349915,0.21308036148548126,0.21419928967952728,0.5727203488349915
20160822165200.0,2.0,0.5759742259979248,0.2120053619146347,0.2120203971862793,0.5759742259979248
20160822165300.0,2.0,0.5760000348091125,0.21198131144046783,0.21201857924461365,0.5760000348091125
20160822165400.0,2.0,0.5761109590530396,0.21194469928741455,0.21194425225257874,0.5761109590530396
20160822165500.0,2.0,0.5760708451271057,0.21196052432060242,0.21196867525577545,0.5760708451271057
20160822165600.0,2.0,0.5756127238273621,0.2121320366859436,0.21225522458553314,0.5756127238273621
20160822165700.0,2.0,0.5761076807975769,0.2119467854499817,0.21194548904895782,0.5761076807975769
20160822165800.0,2.0,0.5761154890060425,0.21194231510162354,0.21194219589233398,0.5761154890060425
20160822165900.0,2.0,0.5761141777038574,0.21194306015968323,0.21194283664226532,0.5761141777038574
20160822170000.0,2.0,0.5761155486106873,0.21194227039813995,0.21194212138652802,0.5761155486106873
20160822170100.0,2.0,0.5761144161224365,0.2119429111480713,0.2119426429271698,0.5761144161224365
20160822170200.0,2.0,0.576115071773529,0.21194256842136383,0.21194234490394592,0.576115071773529
20160822170300.0,2.0,0.5761159658432007,0.21194206178188324,0.2119419425725937,0.5761159658432007
20160822170400.0,2.0,0.576113760471344,0.2119433432817459,0.2119428962469101,0.576113760471344
20160822170500.0,2.0,0.5761151909828186,0.21194250881671906,0.21194224059581757,0.5761151909828186
20160822170600.0,2.0,0.5761162638664246,0.2119418829679489,0.21194183826446533,0.5761162638664246
20160822170700.0,2.0,0.5761165022850037,0.21194179356098175,0.21194173395633698,0.5761165022850037
20160822170800.0,2.0,0.576115071773529,0.21194249391555786,0.2119423896074295,0.576115071773529
20160822170900.0,2.0,0.5761162638664246,0.21194183826446533,0.21194186806678772,0.5761162638664246
20160822171000.0,2.0,0.5761162638664246,0.21194186806678772,0.2119419127702713,0.5761162638664246
20160822171100.0,2.0,0.576115608215332,0.2119421511888504,0.21194221079349518,0.576115608215332
20160822171200.0,2.0,0.5761153101921082,0.21194228529930115,0.21194233000278473,0.5761153101921082
20160822171300.0,2.0,0.5761125087738037,0.21194349229335785,0.21194405853748322,0.5761125087738037
20160822171400.0,2.0,0.5761135816574097,0.21194303035736084,0.21194341778755188,0.5761135816574097
20160822171500.0,2.0,0.5761126279830933,0.2119431048631668,0.2119443118572235,0.5761126279830933
20160822171600.0,2.0,0.5761104226112366,0.21194355189800262,0.211946040391922,0.5761104226112366
20160822171700.0,2.0,0.5761093497276306,0.21194404363632202,0.21194663643836975,0.5761093497276306
20160822171800.0,2.0,0.5761162042617798,0.2119418829679489,0.2119419425725937,0.5761162042617798
20160822171900.0,2.0,0.5761151313781738,0.21194221079349518,0.2119426280260086,0.5761151313781738
20160822172000.0,2.0,0.5761057734489441,0.21194466948509216,0.21194952726364136,0.5761057734489441
20160822172100.0,2.0,0.5761070847511292,0.21194413304328918,0.21194881200790405,0.5761070847511292
20160822172200.0,2.0,0.5761085152626038,0.2119438350200653,0.21194766461849213,0.5761085152626038
20160822172300.0,2.0,0.5761157870292664,0.21194197237491608,0.21194222569465637,0.5761157870292664
20160822172400.0,2.0,0.576115071773529,0.2119421809911728,0.21194276213645935,0.576115071773529
20160822172500.0,2.0,0.5761100053787231,0.21194353699684143,0.21194642782211304,0.5761100053787231
20160822172600.0,2.0,0.5761139392852783,0.2119423747062683,0.21194373071193695,0.5761139392852783
20160822172700.0,2.0,0.5761139988899231,0.2119423747062683,0.2119436115026474,0.5761139988899231
20160822172800.0,2.0,0.5761093497276306,0.2119435966014862,0.21194708347320557,0.5761093497276306
20160822172900.0,2.0,0.5760958790779114,0.21194685995578766,0.21195726096630096,0.5760958790779114
20160822173000.0,2.0,0.5761021971702576,0.21194563806056976,0.21195219457149506,0.5761021971702576
20160822173100.0,2.0,0.5760928392410278,0.21194800734519958,0.21195915341377258,0.5760928392410278
20160822173200.0,2.0,0.5760394334793091,0.21195991337299347,0.21200065314769745,0.5760394334793091
20160822173300.0,2.0,0.5760952234268188,0.2119472473859787,0.21195754408836365,0.5760952234268188
20160822173400.0,2.0,0.57611483335495,0.21194219589233398,0.21194295585155487,0.57611483335495
20160822173500.0,2.0,0.5761122703552246,0.21194292604923248,0.2119448482990265,0.5761122703552246
20160822173600.0,2.0,0.5761147141456604,0.21194227039813995,0.21194303035736084,0.5761147141456604
20160822173700.0,2.0,0.5761134624481201,0.2119428515434265,0.21194373071193695,0.5761134624481201
20160822173800.0,2.0,0.5760264992713928,0.21196486055850983,0.21200862526893616,0.5760264992713928
20160822173900.0,2.0,0.5760882496833801,0.21195058524608612,0.21196110546588898,0.5760882496833801
20160822174000.0,2.0,0.5761110782623291,0.21194395422935486,0.21194502711296082,0.5761110782623291
20160822174100.0,2.0,0.5761154294013977,0.21194231510162354,0.21194222569465637,0.5761154294013977
20160822174200.0,2.0,0.5761093497276306,0.21194568276405334,0.21194493770599365,0.5761093497276306
20160822174300.0,2.0,0.5761094689369202,0.21194566786289215,0.2119448035955429,0.5761094689369202
20160822174400.0,2.0,0.5760821104049683,0.21195806562900543,0.2119598090648651,0.5760821104049683
20160822174500.0,2.0,0.576111376285553,0.21194475889205933,0.2119438499212265,0.576111376285553
20160822174600.0,2.0,0.5760945081710815,0.21195268630981445,0.21195285022258759,0.5760945081710815
20160822174700.0,2.0,0.5760985612869263,0.21195106208324432,0.21195034682750702,0.5760985612869263
20160822174800.0,2.0,0.5760961771011353,0.21195265650749207,0.2119511514902115,0.5760961771011353
20160822174900.0,2.0,0.5761141777038574,0.21194304525852203,0.2119428664445877,0.5761141777038574
20160822175000.0,2.0,0.5761117935180664,0.21194441616535187,0.21194376051425934,0.5761117935180664
20160822175100.0,2.0,0.5761085152626038,0.21194614470005035,0.21194536983966827,0.5761085152626038
20160822175200.0,2.0,0.5760910511016846,0.2119549661874771,0.2119540125131607,0.5760910511016846
20160822175300.0,2.0,0.5761154294013977,0.21194231510162354,0.21194221079349518,0.5761154294013977
20160822175400.0,2.0,0.576112687587738,0.2119435966014862,0.21194371581077576,0.576112687587738
20160822175500.0,2.0,0.576078474521637,0.21195626258850098,0.21196521818637848,0.576078474521637
20160822175600.0,2.0,0.5761047601699829,0.21194647252559662,0.2119487226009369,0.5761047601699829
20160822175700.0,2.0,0.5761089324951172,0.2119455188512802,0.2119455188512802,0.5761089324951172
20160822175800.0,2.0,0.5761141777038574,0.21194295585155487,0.21194292604923248,0.5761141777038574
20160822175900.0,2.0,0.5761110782623291,0.21194429695606232,0.21194468438625336,0.5761110782623291
20160822180000.0,2.0,0.5761131048202515,0.21194344758987427,0.21194341778755188,0.5761131048202515
20160822180100.0,2.0,0.576116681098938,0.2119416743516922,0.2119416743516922,0.576116681098938
20160822180200.0,2.0,0.5761167407035828,0.21194161474704742,0.21194161474704742,0.5761167407035828
20160822180300.0,2.0,0.5761163830757141,0.21194177865982056,0.21194179356098175,0.5761163830757141
20160822180400.0,2.0,0.5761127471923828,0.2119435966014862,0.2119436115026474,0.5761127471923828
20160822180500.0,2.0,0.5761144757270813,0.21194279193878174,0.21194273233413696,0.5761144757270813
20160822180600.0,2.0,0.5760911107063293,0.21195487678050995,0.2119540572166443,0.5760911107063293
20160822180700.0,2.0,0.5761131048202515,0.21194350719451904,0.21194341778755188,0.5761131048202515
20160822180800.0,2.0,0.5761165022850037,0.21194176375865936,0.21194176375865936,0.5761165022850037
20160822180900.0,2.0,0.5761164426803589,0.21194179356098175,0.21194176375865936,0.5761164426803589
20160822181000.0,2.0,0.5761158466339111,0.21194210648536682,0.21194204688072205,0.5761158466339111
20160822181100.0,2.0,0.5761152505874634,0.21194247901439667,0.21194225549697876,0.5761152505874634
20160822181200.0,2.0,0.5761166214942932,0.21194173395633698,0.2119417041540146,0.5761166214942932
20160822181300.0,2.0,0.5761160254478455,0.21194201707839966,0.2119419127702713,0.5761160254478455
20160822181400.0,2.0,0.5761156678199768,0.21194222569465637,0.21194210648536682,0.5761156678199768
20160822181500.0,2.0,0.5761142373085022,0.21194301545619965,0.21194276213645935,0.5761142373085022
20160822181600.0,2.0,0.5761165022850037,0.21194176375865936,0.21194173395633698,0.5761165022850037
20160822181700.0,2.0,0.5761149525642395,0.21194268763065338,0.2119424194097519,0.5761149525642395
20160822181800.0,2.0,0.5761165618896484,0.21194173395633698,0.2119416892528534,0.5761165618896484
20160822181900.0,2.0,0.5761168003082275,0.21194161474704742,0.21194159984588623,0.5761168003082275
20160822182000.0,2.0,0.5761168003082275,0.21194159984588623,0.21194159984588623,0.5761168003082275
20160822182100.0,2.0,0.5761167407035828,0.21194161474704742,0.21194161474704742,0.5761167407035828
20160822182200.0,2.0,0.576116681098938,0.2119416743516922,0.211941659450531,0.576116681098938
20160822182300.0,2.0,0.576116681098938,0.2119416743516922,0.211941659450531,0.576116681098938
20160822182400.0,2.0,0.5761165022850037,0.21194171905517578,0.21194173395633698,0.5761165022850037
20160822182500.0,2.0,0.5761160254478455,0.2119418829679489,0.21194210648536682,0.5761160254478455
20160822182600.0,2.0,0.5761165022850037,0.2119417041540146,0.21194174885749817,0.5761165022850037
20160822182700.0,2.0,0.5761163830757141,0.21194180846214294,0.21194183826446533,0.5761163830757141
20160822182800.0,2.0,0.5761166214942932,0.2119417041540146,0.2119416892528534,0.5761166214942932
20160822182900.0,2.0,0.5761166214942932,0.2119416892528534,0.2119417041540146,0.5761166214942932
20160822183000.0,2.0,0.5761162638664246,0.21194186806678772,0.2119419127702713,0.5761162638664246
20160822183100.0,2.0,0.5761167407035828,0.21194161474704742,0.21194162964820862,0.5761167407035828
20160822183200.0,2.0,0.5761165022850037,0.21194176375865936,0.21194176375865936,0.5761165022850037
20160822183300.0,2.0,0.5761166214942932,0.211941659450531,0.2119417041540146,0.5761166214942932
20160822183400.0,2.0,0.5761167407035828,0.21194161474704742,0.21194162964820862,0.5761167407035828
20160822183500.0,2.0,0.5761165618896484,0.2119416892528534,0.21194173395633698,0.5761165618896484
20160822183600.0,2.0,0.5761144757270813,0.21194227039813995,0.21194323897361755,0.5761144757270813
20160822183700.0,2.0,0.5761166214942932,0.2119416892528534,0.21194176375865936,0.5761166214942932
20160822183800.0,2.0,0.576116681098938,0.2119416445493698,0.2119417041540146,0.576116681098938
20160822183900.0,2.0,0.5761167407035828,0.21194161474704742,0.21194162964820862,0.5761167407035828
20160822184000.0,2.0,0.5761165022850037,0.21194173395633698,0.21194179356098175,0.5761165022850037
20160822184100.0,2.0,0.5761118531227112,0.21194328367710114,0.2119448333978653,0.5761118531227112
20160822184200.0,2.0,0.576114296913147,0.21194249391555786,0.21194317936897278,0.576114296913147
20160822184300.0,2.0,0.5761156678199768,0.21194198727607727,0.2119423747062683,0.5761156678199768
20160822184400.0,2.0,0.5761163830757141,0.21194173395633698,0.21194183826446533,0.5761163830757141
20160822184500.0,2.0,0.5761162042617798,0.21194182336330414,0.21194198727607727,0.5761162042617798
20160822184600.0,2.0,0.5761162638664246,0.21194183826446533,0.21194195747375488,0.5761162638664246
20160822184700.0,2.0,0.5761139988899231,0.21194246411323547,0.21194353699684143,0.5761139988899231
20160822184800.0,2.0,0.5761154294013977,0.21194207668304443,0.21194252371788025,0.5761154294013977
20160822184900.0,2.0,0.5761159658432007,0.2119418978691101,0.2119421511888504,0.5761159658432007
20160822185000.0,2.0,0.5761157870292664,0.2119419425725937,0.21194231510162354,0.5761157870292664
20160822185100.0,2.0,0.5761154890060425,0.21194209158420563,0.2119424194097519,0.5761154890060425
20160822185200.0,2.0,0.5761149525642395,0.21194224059581757,0.21194279193878174,0.5761149525642395
20160822185300.0,2.0,0.5761138200759888,0.21194244921207428,0.21194371581077576,0.5761138200759888
20160822185400.0,2.0,0.5761164426803589,0.21194171905517578,0.21194180846214294,0.5761164426803589
20160822185500.0,2.0,0.5761163830757141,0.21194174885749817,0.2119419127702713,0.5761163830757141
20160822185600.0,2.0,0.5761159062385559,0.2119419127702713,0.21194221079349518,0.5761159062385559
20160822185700.0,2.0,0.5761160850524902,0.21194182336330414,0.21194209158420563,0.5761160850524902
20160822185800.0,2.0,0.5761116743087769,0.21194331347942352,0.2119450569152832,0.5761116743087769
20160822185900.0,2.0,0.5761075615882874,0.21194447576999664,0.21194793283939362,0.5761075615882874
20160822190000.0,2.0,0.5761066675186157,0.21194475889205933,0.21194857358932495,0.5761066675186157
20160822190100.0,2.0,0.5761116147041321,0.21194374561309814,0.21194466948509216,0.5761116147041321
20160822190200.0,2.0,0.5761104226112366,0.21194402873516083,0.2119455486536026,0.5761104226112366
20160822190300.0,2.0,0.576107919216156,0.21194501221179962,0.21194703876972198,0.576107919216156
20160822190400.0,2.0,0.5761129260063171,0.21194367110729218,0.21194341778755188,0.5761129260063171
20160822190500.0,2.0,0.5761079788208008,0.211946040391922,0.21194598078727722,0.5761079788208008
20160822190600.0,2.0,0.5761131048202515,0.21194332838058472,0.21194352209568024,0.5761131048202515
20160822190700.0,2.0,0.576113760471344,0.21194326877593994,0.21194300055503845,0.576113760471344
20160822190800.0,2.0,0.5761160254478455,0.21194203197956085,0.21194197237491608,0.5761160254478455
20160822190900.0,2.0,0.5761151313781738,0.21194246411323547,0.2119423896074295,0.5761151313781738
20160822191000.0,2.0,0.5761139392852783,0.2119431048631668,0.2119429111480713,0.5761139392852783
20160822191100.0,2.0,0.5761155486106873,0.21194227039813995,0.2119421809911728,0.5761155486106873
20160822191200.0,2.0,0.5761160254478455,0.21194200217723846,0.2119419127702713,0.5761160254478455
20160822191300.0,2.0,0.5761159062385559,0.21194207668304443,0.21194206178188324,0.5761159062385559
20160822191400.0,2.0,0.5761128067970276,0.2119435966014862,0.21194356679916382,0.5761128067970276
20160822191500.0,2.0,0.5761135220527649,0.21194316446781158,0.21194332838058472,0.5761135220527649
20160822191600.0,2.0,0.5761154294013977,0.21194219589233398,0.2119424194097519,0.5761154294013977
20160822191700.0,2.0,0.5761154294013977,0.21194231510162354,0.21194230020046234,0.5761154294013977
20160822191800.0,2.0,0.5761162638664246,0.21194186806678772,0.21194186806678772,0.5761162638664246
20160822191900.0,2.0,0.5761139988899231,0.21194306015968323,0.21194294095039368,0.5761139988899231
20160822192000.0,2.0,0.5761134028434753,0.2119433730840683,0.21194325387477875,0.5761134028434753
20160822192100.0,2.0,0.5761145949363708,0.21194271743297577,0.21194273233413696,0.5761145949363708
20160822192200.0,2.0,0.5761122703552246,0.21194398403167725,0.21194377541542053,0.5761122703552246
20160822192300.0,2.0,0.5761144161224365,0.21194283664226532,0.21194271743297577,0.5761144161224365
20160822192400.0,2.0,0.5761046409606934,0.2119479775428772,0.21194733679294586,0.5761046409606934
20160822192500.0,2.0,0.5760840773582458,0.2119588851928711,0.21195703744888306,0.5760840773582458
20160822192600.0,2.0,0.5761149525642395,0.21194256842136383,0.21194244921207428,0.5761149525642395
20160822192700.0,2.0,0.5761164426803589,0.21194177865982056,0.21194177865982056,0.5761164426803589
20160822192800.0,2.0,0.5761162042617798,0.21194186806678772,0.2119418978691101,0.5761162042617798
20160822192900.0,2.0,0.5761163830757141,0.21194180846214294,0.21194177865982056,0.5761163830757141
20160822193000.0,2.0,0.5761163830757141,0.21194180846214294,0.21194177865982056,0.5761163830757141
20160822193100.0,2.0,0.576116681098938,0.2119416445493698,0.2119416445493698,0.576116681098938
20160822193200.0,2.0,0.5761166214942932,0.21194173395633698,0.2119417041540146,0.5761166214942932
20160822193300.0,2.0,0.5761166214942932,0.2119417041540146,0.2119416743516922,0.5761166214942932
20160822193400.0,2.0,0.5761164426803589,0.21194177865982056,0.21194179356098175,0.5761164426803589
20160822193500.0,2.0,0.5761165022850037,0.21194171905517578,0.21194171905517578,0.5761165022850037
20160822193600.0,2.0,0.5761162042617798,0.2119418829679489,0.2119418829679489,0.5761162042617798
20160822193700.0,2.0,0.5761156678199768,0.2119421660900116,0.21194219589233398,0.5761156678199768
20160822193800.0,2.0,0.5761153101921082,0.21194225549697876,0.2119424194097519,0.5761153101921082
20160822193900.0,2.0,0.5761160850524902,0.2119418978691101,0.21194198727607727,0.5761160850524902
20160822194000.0,2.0,0.576116681098938,0.2119416445493698,0.2119416445493698,0.576116681098938
20160822194100.0,2.0,0.5761164426803589,0.21194174885749817,0.21194179356098175,0.5761164426803589
20160822194200.0,2.0,0.5761151909828186,0.21194233000278473,0.21194250881671906,0.5761151909828186
20160822194300.0,2.0,0.5761162042617798,0.2119418829679489,0.2119418829679489,0.5761162042617798
20160822194400.0,2.0,0.5761156678199768,0.21194200217723846,0.21194234490394592,0.5761156678199768
20160822194500.0,2.0,0.5761155486106873,0.21194203197956085,0.21194235980510712,0.5761155486106873
20160822194600.0,2.0,0.5761152505874634,0.2119421660900116,0.21194253861904144,0.5761152505874634
20160822194700.0,2.0,0.5761159062385559,0.21194203197956085,0.21194204688072205,0.5761159062385559
20160822194800.0,2.0,0.5761163830757141,0.21194174885749817,0.21194182336330414,0.5761163830757141
20160822194900.0,2.0,0.5761147737503052,0.21194246411323547,0.21194274723529816,0.5761147737503052
20160822195000.0,2.0,0.5761158466339111,0.21194206178188324,0.21194210648536682,0.5761158466339111
20160822195100.0,2.0,0.5761160254478455,0.21194198727607727,0.2119419276714325,0.5761160254478455
20160822195200.0,2.0,0.5761153101921082,0.21194235980510712,0.21194225549697876,0.5761153101921082
20160822195300.0,2.0,0.5761154294013977,0.21194230020046234,0.21194224059581757,0.5761154294013977
20160822195400.0,2.0,0.5761159062385559,0.21194198727607727,0.21194206178188324,0.5761159062385559
20160822195500.0,2.0,0.5761155486106873,0.21194203197956085,0.21194246411323547,0.5761155486106873
20160822195600.0,2.0,0.5761163830757141,0.21194177865982056,0.2119418978691101,0.5761163830757141
20160822195700.0,2.0,0.5761159062385559,0.21194197237491608,0.21194209158420563,0.5761159062385559
20160822195800.0,2.0,0.5761162042617798,0.2119418829679489,0.2119419276714325,0.5761162042617798
20160822195900.0,2.0,0.576116144657135,0.21194186806678772,0.21194198727607727,0.576116144657135
20160822200000.0,2.0,0.5761163234710693,0.21194183826446533,0.21194183826446533,0.5761163234710693
20160822200100.0,2.0,0.5761153101921082,0.21194233000278473,0.2119423747062683,0.5761153101921082
20160822200200.0,2.0,0.5761156678199768,0.21194219589233398,0.2119421511888504,0.5761156678199768
20160822200300.0,2.0,0.5761162042617798,0.2119418978691101,0.2119418829679489,0.5761162042617798
20160822200400.0,2.0,0.5761159062385559,0.21194204688072205,0.21194203197956085,0.5761159062385559
20160822200500.0,2.0,0.5761165022850037,0.21194176375865936,0.21194174885749817,0.5761165022850037
20160822200600.0,2.0,0.5761100053787231,0.2119452953338623,0.21194462478160858,0.5761100053787231
20160822200700.0,2.0,0.5761160254478455,0.21194198727607727,0.21194195747375488,0.5761160254478455
20160822200800.0,2.0,0.5761139392852783,0.2119428813457489,0.2119431346654892,0.5761139392852783
20160822200900.0,2.0,0.5761142373085022,0.21194282174110413,0.21194295585155487,0.5761142373085022
20160822201000.0,2.0,0.5761154294013977,0.21194222569465637,0.2119424045085907,0.5761154294013977
20160822201100.0,2.0,0.5761120319366455,0.21194350719451904,0.21194453537464142,0.5761120319366455
20160822201200.0,2.0,0.576107919216156,0.21194559335708618,0.21194644272327423,0.576107919216156
20160822201300.0,2.0,0.5761139988899231,0.21194306015968323,0.21194294095039368,0.5761139988899231
20160822201400.0,2.0,0.5761156678199768,0.2119421809911728,0.2119421511888504,0.5761156678199768
20160822201500.0,2.0,0.5761143565177917,0.21194279193878174,0.21194279193878174,0.5761143565177917
20160822201600.0,2.0,0.5761135816574097,0.21194325387477875,0.2119431346654892,0.5761135816574097
20160822201700.0,2.0,0.5761147141456604,0.2119426429271698,0.21194258332252502,0.5761147141456604
20160822201800.0,2.0,0.5761159658432007,0.21194204688072205,0.21194195747375488,0.5761159658432007
20160822201900.0,2.0,0.5761165022850037,0.21194177865982056,0.21194173395633698,0.5761165022850037
20160822202000.0,2.0,0.5761160850524902,0.21194198727607727,0.2119418978691101,0.5761160850524902
20160822202100.0,2.0,0.5761132836341858,0.21194350719451904,0.21194319427013397,0.5761132836341858
20160822202200.0,2.0,0.5760869383811951,0.21195770800113678,0.21195527911186218,0.5760869383811951
20160822202300.0,2.0,0.5761130452156067,0.21194355189800262,0.21194343268871307,0.5761130452156067
20160822202400.0,2.0,0.5761058330535889,0.2119470089673996,0.21194715797901154,0.5761058330535889
20160822202500.0,2.0,0.5761128067970276,0.2119435966014862,0.21194356679916382,0.5761128067970276
20160822202600.0,2.0,0.5761131048202515,0.21194356679916382,0.21194328367710114,0.5761131048202515
20160822202700.0,2.0,0.576115071773529,0.2119424045085907,0.21194256842136383,0.576115071773529
20160822202800.0,2.0,0.5761164426803589,0.21194176375865936,0.21194179356098175,0.5761164426803589
20160822202900.0,2.0,0.5761159062385559,0.21194201707839966,0.2119421362876892,0.5761159062385559
20160822203000.0,2.0,0.5761134624481201,0.21194322407245636,0.2119433581829071,0.5761134624481201
20160822203100.0,2.0,0.5761163830757141,0.21194185316562653,0.21194179356098175,0.5761163830757141
20160822203200.0,2.0,0.5761163234710693,0.21194183826446533,0.21194183826446533,0.5761163234710693
20160822203300.0,2.0,0.5761159062385559,0.21194203197956085,0.21194204688072205,0.5761159062385559
20160822203400.0,2.0,0.5761162638664246,0.21194186806678772,0.21194185316562653,0.5761162638664246
20160822203500.0,2.0,0.5761165022850037,0.21194173395633698,0.2119417041540146,0.5761165022850037
20160822203600.0,2.0,0.5761162638664246,0.2119418829679489,0.21194183826446533,0.5761162638664246
20160822203700.0,2.0,0.5761162042617798,0.2119418978691101,0.21194186806678772,0.5761162042617798
20160822203800.0,2.0,0.576116144657135,0.21194195747375488,0.2119419127702713,0.576116144657135
20160822203900.0,2.0,0.5761152505874634,0.21194235980510712,0.21194235980510712,0.5761152505874634
20160822204000.0,2.0,0.5761159062385559,0.21194206178188324,0.21194207668304443,0.5761159062385559
20160822204100.0,2.0,0.5761162042617798,0.2119418978691101,0.2119419276714325,0.5761162042617798
20160822204200.0,2.0,0.5761160254478455,0.21194197237491608,0.21194201707839966,0.5761160254478455
20160822204300.0,2.0,0.5761163830757141,0.21194180846214294,0.21194177865982056,0.5761163830757141
20160822204400.0,2.0,0.5761163830757141,0.21194185316562653,0.21194179356098175,0.5761163830757141
20160822204500.0,2.0,0.5761163830757141,0.21194179356098175,0.21194179356098175,0.5761163830757141
20160822204600.0,2.0,0.5761165022850037,0.21194173395633698,0.21194171905517578,0.5761165022850037
20160822204700.0,2.0,0.5761167407035828,0.211941659450531,0.2119416445493698,0.5761167407035828
20160822204800.0,2.0,0.5761166214942932,0.2119417041540146,0.2119416743516922,0.5761166214942932
20160822204900.0,2.0,0.5761167407035828,0.21194162964820862,0.21194161474704742,0.5761167407035828
20160822205000.0,2.0,0.5761167407035828,0.211941659450531,0.2119416445493698,0.5761167407035828
20160822205100.0,2.0,0.576116681098938,0.2119416445493698,0.2119416445493698,0.576116681098938
20160822205200.0,2.0,0.5761167407035828,0.21194161474704742,0.21194161474704742,0.5761167407035828
20160822205300.0,2.0,0.5761167407035828,0.21194161474704742,0.21194161474704742,0.5761167407035828
20160822205400.0,2.0,0.5761168003082275,0.21194159984588623,0.21194158494472504,0.5761168003082275
20160822205500.0,2.0,0.576116681098938,0.2119416743516922,0.211941659450531,0.576116681098938
20160822205600.0,2.0,0.5761168003082275,0.21194161474704742,0.21194159984588623,0.5761168003082275
20160822205700.0,2.0,0.5761168599128723,0.21194158494472504,0.21194158494472504,0.5761168599128723
20160822205800.0,2.0,0.5761168003082275,0.21194159984588623,0.21194158494472504,0.5761168003082275
20160822205900.0,2.0,0.5761168003082275,0.21194159984588623,0.21194158494472504,0.5761168003082275
20160822210000.0,2.0,0.5761168599128723,0.21194158494472504,0.21194158494472504,0.5761168599128723
20160822210100.0,2.0,0.5761168003082275,0.21194159984588623,0.21194158494472504,0.5761168003082275
20160822210200.0,2.0,0.5761168599128723,0.21194159984588623,0.21194158494472504,0.5761168599128723
20160822210300.0,2.0,0.5761168003082275,0.21194159984588623,0.21194158494472504,0.5761168003082275
20160822210400.0,2.0,0.5761168599128723,0.21194159984588623,0.21194158494472504,0.5761168599128723
20160822210500.0,2.0,0.5761168599128723,0.21194158494472504,0.21194158494472504,0.5761168599128723
20160822210600.0,2.0,0.5761167407035828,0.21194162964820862,0.21194161474704742,0.5761167407035828
20160822210700.0,2.0,0.5761167407035828,0.211941659450531,0.2119416445493698,0.5761167407035828
20160822210800.0,2.0,0.5761167407035828,0.21194162964820862,0.21194161474704742,0.5761167407035828
20160822210900.0,2.0,0.5761168599128723,0.21194159984588623,0.21194158494472504,0.5761168599128723
20160822211000.0,2.0,0.5761168003082275,0.21194159984588623,0.21194158494472504,0.5761168003082275
20160822211100.0,2.0,0.5761167407035828,0.21194162964820862,0.21194161474704742,0.5761167407035828
20160822211200.0,2.0,0.5761167407035828,0.211941659450531,0.2119416445493698,0.5761167407035828
20160822211300.0,2.0,0.576116681098938,0.2119416892528534,0.2119416445493698,0.576116681098938
20160822211400.0,2.0,0.5761167407035828,0.211941659450531,0.2119416445493698,0.5761167407035828
20160822211500.0,2.0,0.5761168003082275,0.21194159984588623,0.21194159984588623,0.5761168003082275
20160822211600.0,2.0,0.5761168599128723,0.21194158494472504,0.21194158494472504,0.5761168599128723
20160822211700.0,2.0,0.5761168599128723,0.21194159984588623,0.21194158494472504,0.5761168599128723
20160822211800.0,2.0,0.5761168599128723,0.21194159984588623,0.21194158494472504,0.5761168599128723
20160822211900.0,2.0,0.5761168599128723,0.21194158494472504,0.21194158494472504,0.5761168599128723
20160822212000.0,2.0,0.5761168599128723,0.21194158494472504,0.21194158494472504,0.5761168599128723
20160822212100.0,2.0,0.5761168599128723,0.21194158494472504,0.21194157004356384,0.5761168599128723
20160822212200.0,2.0,0.5761168599128723,0.21194158494472504,0.21194158494472504,0.5761168599128723
20160822212300.0,2.0,0.5761168599128723,0.21194158494472504,0.21194158494472504,0.5761168599128723
20160822212400.0,2.0,0.5761168599128723,0.21194158494472504,0.21194158494472504,0.5761168599128723
20160822212500.0,2.0,0.5761168599128723,0.21194158494472504,0.21194158494472504,0.5761168599128723
20160822212600.0,2.0,0.5761168599128723,0.21194158494472504,0.21194158494472504,0.5761168599128723
20160822212700.0,2.0,0.5761168599128723,0.21194158494472504,0.21194158494472504,0.5761168599128723
20160822212800.0,2.0,0.576116681098938,0.2119416445493698,0.2119416445493698,0.576116681098938
20160822212900.0,2.0,0.5761168003082275,0.21194159984588623,0.21194158494472504,0.5761168003082275
20160822213000.0,2.0,0.5761168003082275,0.21194161474704742,0.21194159984588623,0.5761168003082275
20160822213100.0,2.0,0.5761168599128723,0.21194158494472504,0.21194158494472504,0.5761168599128723
20160822213200.0,2.0,0.5761168599128723,0.21194158494472504,0.21194158494472504,0.5761168599128723
20160822213300.0,2.0,0.5761168599128723,0.21194158494472504,0.21194158494472504,0.5761168599128723
20160822213400.0,2.0,0.5761168599128723,0.21194158494472504,0.21194157004356384,0.5761168599128723
20160822213500.0,2.0,0.5761168599128723,0.21194158494472504,0.21194158494472504,0.5761168599128723
20160822213600.0,2.0,0.5761168599128723,0.21194159984588623,0.21194158494472504,0.5761168599128723
20160822213700.0,2.0,0.5761168599128723,0.21194158494472504,0.21194158494472504,0.5761168599128723
20160822213800.0,2.0,0.5761168599128723,0.21194158494472504,0.21194157004356384,0.5761168599128723
20160822213900.0,2.0,0.5761167407035828,0.21194161474704742,0.21194161474704742,0.5761167407035828
20160822214000.0,2.0,0.5761168003082275,0.21194159984588623,0.21194158494472504,0.5761168003082275
20160822214100.0,2.0,0.5761168003082275,0.21194161474704742,0.21194159984588623,0.5761168003082275
20160822214200.0,2.0,0.5761166214942932,0.2119416892528534,0.2119417041540146,0.5761166214942932
20160822214300.0,2.0,0.5761166214942932,0.2119416743516922,0.2119417041540146,0.5761166214942932
20160822214400.0,2.0,0.5761168599128723,0.21194158494472504,0.21194158494472504,0.5761168599128723
20160822214500.0,2.0,0.5761168003082275,0.21194159984588623,0.21194158494472504,0.5761168003082275
20160822214600.0,2.0,0.5761168599128723,0.21194158494472504,0.21194158494472504,0.5761168599128723
20160822214700.0,2.0,0.5761168599128723,0.21194158494472504,0.21194158494472504,0.5761168599128723
20160822214800.0,2.0,0.5761168599128723,0.21194158494472504,0.21194158494472504,0.5761168599128723
20160822214900.0,2.0,0.5761168599128723,0.21194158494472504,0.21194158494472504,0.5761168599128723
20160822215000.0,2.0,0.5761168599128723,0.21194158494472504,0.21194158494472504,0.5761168599128723
20160822215100.0,2.0,0.5761168599128723,0.21194158494472504,0.21194158494472504,0.5761168599128723
20160822215200.0,2.0,0.5761168599128723,0.21194158494472504,0.21194158494472504,0.5761168599128723
20160822215300.0,2.0,0.5761168599128723,0.21194158494472504,0.21194158494472504,0.5761168599128723
20160822215400.0,2.0,0.5761168599128723,0.21194158494472504,0.21194158494472504,0.5761168599128723
20160822215500.0,2.0,0.5761168599128723,0.21194158494472504,0.21194157004356384,0.5761168599128723
20160822215600.0,2.0,0.5761168599128723,0.21194158494472504,0.21194158494472504,0.5761168599128723
20160822215700.0,2.0,0.5761168599128723,0.21194155514240265,0.21194155514240265,0.5761168599128723
20160822215800.0,2.0,0.5761168599128723,0.21194158494472504,0.21194157004356384,0.5761168599128723
20160822215900.0,2.0,0.5761168599128723,0.21194158494472504,0.21194158494472504,0.5761168599128723
20160822220000.0,2.0,0.5761168599128723,0.21194158494472504,0.21194158494472504,0.5761168599128723
20160822220100.0,2.0,0.5761168599128723,0.21194159984588623,0.21194158494472504,0.5761168599128723
20160822220200.0,2.0,0.5761168599128723,0.21194158494472504,0.21194158494472504,0.5761168599128723
20160822220300.0,2.0,0.5761168003082275,0.21194159984588623,0.21194158494472504,0.5761168003082275
20160822220400.0,2.0,0.5761168599128723,0.21194155514240265,0.21194155514240265,0.5761168599128723
20160822220500.0,2.0,0.5761168599128723,0.21194155514240265,0.21194155514240265,0.5761168599128723
20160822220600.0,2.0,0.5761168599128723,0.21194158494472504,0.21194158494472504,0.5761168599128723
20160822220700.0,2.0,0.5761168599128723,0.21194158494472504,0.21194158494472504,0.5761168599128723
20160822220800.0,2.0,0.5761168599128723,0.21194158494472504,0.21194158494472504,0.5761168599128723
20160822220900.0,2.0,0.5761168599128723,0.21194155514240265,0.21194155514240265,0.5761168599128723
20160822221000.0,2.0,0.5761168599128723,0.21194158494472504,0.21194158494472504,0.5761168599128723
20160822221100.0,2.0,0.5761168003082275,0.21194159984588623,0.21194159984588623,0.5761168003082275
20160822221200.0,2.0,0.5761168599128723,0.21194158494472504,0.21194158494472504,0.5761168599128723
20160822221300.0,2.0,0.5761168003082275,0.21194161474704742,0.21194159984588623,0.5761168003082275
20160822221400.0,2.0,0.5761168599128723,0.21194158494472504,0.21194158494472504,0.5761168599128723
20160822221500.0,2.0,0.5761168599128723,0.21194158494472504,0.21194158494472504,0.5761168599128723
20160822221600.0,2.0,0.5761168599128723,0.21194159984588623,0.21194158494472504,0.5761168599128723
20160822221700.0,2.0,0.5761168599128723,0.21194159984588623,0.21194158494472504,0.5761168599128723
20160822221800.0,2.0,0.5761168599128723,0.21194158494472504,0.21194158494472504,0.5761168599128723
20160822221900.0,2.0,0.5761168599128723,0.21194155514240265,0.21194155514240265,0.5761168599128723
20160822222000.0,2.0,0.5761168599128723,0.21194158494472504,0.21194158494472504,0.5761168599128723
20160822222100.0,2.0,0.5761168599128723,0.21194159984588623,0.21194158494472504,0.5761168599128723
20160822222200.0,2.0,0.5761168599128723,0.21194159984588623,0.21194158494472504,0.5761168599128723
20160822222300.0,2.0,0.5761168003082275,0.21194159984588623,0.21194158494472504,0.5761168003082275
20160822222400.0,2.0,0.5761168599128723,0.21194158494472504,0.21194158494472504,0.5761168599128723
20160822222500.0,2.0,0.5761168599128723,0.21194158494472504,0.21194158494472504,0.5761168599128723
20160822222600.0,2.0,0.5761168599128723,0.21194158494472504,0.21194158494472504,0.5761168599128723
20160822222700.0,2.0,0.5761168599128723,0.21194155514240265,0.21194155514240265,0.5761168599128723
20160822222800.0,2.0,0.5761168599128723,0.21194155514240265,0.21194155514240265,0.5761168599128723
20160822222900.0,2.0,0.5761168599128723,0.21194155514240265,0.21194155514240265,0.5761168599128723
20160822223000.0,2.0,0.5761168599128723,0.21194155514240265,0.21194155514240265,0.5761168599128723
20160822223100.0,2.0,0.5761168599128723,0.21194155514240265,0.21194155514240265,0.5761168599128723
20160822223200.0,2.0,0.5761168599128723,0.21194158494472504,0.21194157004356384,0.5761168599128723
20160822223300.0,2.0,0.5761168599128723,0.21194158494472504,0.21194158494472504,0.5761168599128723
20160822223400.0,2.0,0.5761168599128723,0.21194155514240265,0.21194155514240265,0.5761168599128723
20160822223500.0,2.0,0.5761168599128723,0.21194155514240265,0.21194155514240265,0.5761168599128723
20160822223600.0,2.0,0.5761168003082275,0.21194159984588623,0.21194158494472504,0.5761168003082275
20160822223700.0,2.0,0.5761168003082275,0.21194159984588623,0.21194158494472504,0.5761168003082275
20160822223800.0,2.0,0.5761168599128723,0.21194155514240265,0.21194155514240265,0.5761168599128723
20160822223900.0,2.0,0.5761168003082275,0.21194159984588623,0.21194158494472504,0.5761168003082275
20160822224000.0,2.0,0.5761168003082275,0.21194159984588623,0.21194159984588623,0.5761168003082275
20160822224100.0,2.0,0.5761167407035828,0.21194162964820862,0.21194161474704742,0.5761167407035828
20160822224200.0,2.0,0.5761168003082275,0.21194159984588623,0.21194159984588623,0.5761168003082275
20160822224300.0,2.0,0.5761168003082275,0.21194159984588623,0.21194159984588623,0.5761168003082275
20160822224400.0,2.0,0.5761168599128723,0.21194158494472504,0.21194158494472504,0.5761168599128723
20160822224500.0,2.0,0.5761165618896484,0.2119416892528534,0.21194173395633698,0.5761165618896484
20160822224600.0,2.0,0.5761167407035828,0.21194159984588623,0.21194162964820862,0.5761167407035828
20160822224700.0,2.0,0.5761165022850037,0.2119416743516922,0.21194176375865936,0.5761165022850037
20160822224800.0,2.0,0.5761168599128723,0.21194158494472504,0.21194158494472504,0.5761168599128723
20160822224900.0,2.0,0.5761168599128723,0.21194158494472504,0.21194158494472504,0.5761168599128723
20160822225000.0,2.0,0.5761168599128723,0.21194155514240265,0.21194155514240265,0.5761168599128723
20160822225100.0,2.0,0.5761168599128723,0.21194157004356384,0.21194158494472504,0.5761168599128723
20160822225200.0,2.0,0.5761168599128723,0.21194158494472504,0.21194159984588623,0.5761168599128723
20160822225300.0,2.0,0.5761168003082275,0.21194159984588623,0.21194159984588623,0.5761168003082275
20160822225400.0,2.0,0.5761168003082275,0.21194159984588623,0.21194161474704742,0.5761168003082275
20160822225500.0,2.0,0.5761168599128723,0.21194158494472504,0.21194158494472504,0.5761168599128723
20160822225600.0,2.0,0.5761168599128723,0.21194158494472504,0.21194158494472504,0.5761168599128723
20160822225700.0,2.0,0.5761168599128723,0.21194158494472504,0.21194158494472504,0.5761168599128723
20160822225800.0,2.0,0.5761168003082275,0.21194159984588623,0.21194159984588623,0.5761168003082275
20160822225900.0,2.0,0.5761168599128723,0.21194158494472504,0.21194158494472504,0.5761168599128723
20160822230000.0,2.0,0.5761168599128723,0.21194158494472504,0.21194158494472504,0.5761168599128723
20160822230100.0,2.0,0.5761168599128723,0.21194158494472504,0.21194158494472504,0.5761168599128723
20160822230200.0,2.0,0.576116681098938,0.21194162964820862,0.211941659450531,0.576116681098938
20160822230300.0,2.0,0.5761168599128723,0.21194158494472504,0.21194159984588623,0.5761168599128723
20160822230400.0,2.0,0.5761167407035828,0.21194161474704742,0.21194162964820862,0.5761167407035828
20160822230500.0,2.0,0.5761165618896484,0.2119416892528534,0.21194173395633698,0.5761165618896484
20160822230600.0,2.0,0.576116144657135,0.21194182336330414,0.21194204688072205,0.576116144657135
20160822230700.0,2.0,0.5761167407035828,0.21194161474704742,0.2119417041540146,0.5761167407035828
20160822230800.0,2.0,0.5761167407035828,0.21194161474704742,0.2119416445493698,0.5761167407035828
20160822230900.0,2.0,0.576116681098938,0.2119416445493698,0.2119417041540146,0.576116681098938
20160822231000.0,2.0,0.5761168003082275,0.21194158494472504,0.21194161474704742,0.5761168003082275
20160822231100.0,2.0,0.5761168599128723,0.21194158494472504,0.21194158494472504,0.5761168599128723
20160822231200.0,2.0,0.5761168599128723,0.21194158494472504,0.21194158494472504,0.5761168599128723
20160822231300.0,2.0,0.5761168599128723,0.21194158494472504,0.21194158494472504,0.5761168599128723
20160822231400.0,2.0,0.5761168599128723,0.21194158494472504,0.21194158494472504,0.5761168599128723
20160822231500.0,2.0,0.5761168599128723,0.21194158494472504,0.21194158494472504,0.5761168599128723
